{"producer":{"name":"Blender","version":"2.74 (sub 0)","exporter_version":"4.6.1","file":"figure_rigged_gk_skel_text_action_pcwork.babylon"},
"autoClear":true,"clearColor":[0.0509,0.0509,0.0509],"ambientColor":[0,0,0],"gravity":[0,-9.81,0],
"materials":[{"name":"figure_rigged_gk_skel_text_action_pcwork.SoccUniform","id":"figure_rigged_gk_skel_text_action_pcwork.SoccUniform","ambient":[0.8,0.8,0.8],"diffuse":[0.64,0.64,0.64],"specular":[0.5,0.5,0.5],"emissive":[0,0,0],"specularPower":50,"alpha":1,"backFaceCulling":true,"checkReadyOnlyOnce":false, 
"diffuseTexture":{"name":"figure_rigged_run_text01.png","level":1,"hasAlpha":1,"coordinatesMode":0,"uOffset":0,"vOffset":0,"uScale":1,"vScale":1,"uAng":0,"vAng":0,"wAng":0,"wrapU":1,"wrapV":1,"coordinatesIndex":0}}],
"multiMaterials":[],
"skeletons":[{"name":"Armature","id":0,"dimensionsAtRest":[0,0,0],"bones":[
{"name":"Bone_L.003","index":0,"matrix":[-1,0,0,0,0,-1,0,0,0,0,-1,0,1.2103,-5.2529,0.0036,1],"rest":[-1,0,0,0,0,-1,0,0,0,0,-1,0,1.2103,-5.2529,0.0036,1],"parentBoneIndex":-1,"length":0.9358
,"animation":{"dataType":3,"framePerSecond":24,"keys":[
{"frame":0,"values":[-1,0,0,0,0,-1,0,0,0,0,-1,0,1.2103,-5.2529,0.0036,1]},
{"frame":50,"values":[-1,0,0,0,0,-1,0,0,0,0,-1,0,1.2103,-5.2529,0.0036,1]}],"loopBehavior":1,"name":"anim","property":"_matrix"}},
{"name":"Bone_R.003","index":1,"matrix":[-1,0,0,0,0,-1,0,0,0,0,-1,0,-1.2103,-5.2529,0.0036,1],"rest":[-1,0,0,0,0,-1,0,0,0,0,-1,0,-1.2103,-5.2529,0.0036,1],"parentBoneIndex":-1,"length":0.9358
,"animation":{"dataType":3,"framePerSecond":24,"keys":[
{"frame":0,"values":[-1,0,0,0,0,-1,0,0,0,0,-1,0,-1.2103,-5.2529,0.0036,1]},
{"frame":50,"values":[-1,0,0,0,0,-1,0,0,0,0,-1,0,-1.2103,-5.2529,0.0036,1]}],"loopBehavior":1,"name":"anim","property":"_matrix"}},
{"name":"Bone","index":2,"matrix":[-1,0,0,0,0,0,-1,0,0,1,0,0,0,-0.0036,1.0036,1],"rest":[-1,0,0,0,0,0,-1,0,0,1,0,0,0,-0.0036,1.0036,1],"parentBoneIndex":-1,"length":1
,"animation":{"dataType":3,"framePerSecond":24,"keys":[
{"frame":0,"values":[-1,0,0,0,0,0,-1,0,0,1,0,0,0,-0.0036,1.0036,1]},
{"frame":1,"values":[-1,0,0,0,0,0,-1,0,0,1,0,0,0,-0.0223,1.0042,1]},
{"frame":2,"values":[-1,0,0,0,0,0,-1,0,0,1,0,0,0,-0.0785,1.0058,1]},
{"frame":3,"values":[-1,0,0,0,0,0,-1,0,0,1,0,0,0,-0.1699,1.0084,1]},
{"frame":4,"values":[-1,0,0,0,0,0,-1,0,0,1,0,0,0,-0.2895,1.0118,1]},
{"frame":5,"values":[-1,0,0,0,0,0,-1,0,0,1,0,0,0,-0.4249,1.0157,1]},
{"frame":6,"values":[-1,0,0,0,0,0,-1,0,0,1,0,0,0,-0.5604,1.0196,1]},
{"frame":7,"values":[-1,0,0,0,0,0,-1,0,0,1,0,0,0,-0.6799,1.023,1]},
{"frame":8,"values":[-1,0,0,0,0,0,-1,0,0,1,0,0,0,-0.7713,1.0256,1]},
{"frame":9,"values":[-1,0,0,0,0,0,-1,0,0,1,0,0,0,-0.8276,1.0272,1]},
{"frame":10,"values":[-1,0,0,0,0,0,-1,0,0,1,0,0,0,-0.8462,1.0278,1]},
{"frame":11,"values":[-1,0,0,0,0,0,-1,0,0,1,0,0,0,-0.8209,1.0275,1]},
{"frame":12,"values":[-1,0,0,0,0,0,-1,0,0,1,0,0,0,-0.7446,1.0268,1]},
{"frame":13,"values":[-1,0,0,0,0,0,-1,0,0,1,0,0,0,-0.6206,1.0255,1]},
{"frame":14,"values":[-1,0,0,0,0,0,-1,0,0,1,0,0,0,-0.4584,1.0239,1]},
{"frame":15,"values":[-1,0,0,0,0,0,-1,0,0,1,0,0,0,-0.2746,1.0218,1]},
{"frame":16,"values":[-1,0,0,0,0,0,-1,0,0,1,0,0,0,-0.0909,1.0197,1]},
{"frame":17,"values":[-1,0,0,0,0,0,-1,0,0,1,0,0,0,0.0714,1.0175,1]},
{"frame":18,"values":[-1,0,0,0,0,0,-1,0,0,1,0,0,0,0.1954,1.0155,1]},
{"frame":19,"values":[-1,0,0,0,0,0,-1,0,0,1,0,0,0,0.2717,1.0138,1]},
{"frame":20,"values":[-1,0,0,0,0,0,-1,0,0,1,0,0,0,0.297,1.0124,1]},
{"frame":21,"values":[-1,0,0,0,0,0,-1,0,0,1,0,0,0,0.2951,1.0112,1]},
{"frame":22,"values":[-1,0,0,0,0,0,-1,0,0,1,0,0,0,0.2887,1.0099,1]},
{"frame":23,"values":[-1,0,0,0,0,0,-1,0,0,1,0,0,0,0.2766,1.0086,1]},
{"frame":24,"values":[-1,0,0,0,0,0,-1,0,0,1,0,0,0,0.2574,1.0074,1]},
{"frame":25,"values":[-1,0,0,0,0,0,-1,0,0,1,0,0,0,0.2304,1.0062,1]},
{"frame":26,"values":[-1,0,0,0,0,0,-1,0,0,1,0,0,0,0.1955,1.0053,1]},
{"frame":27,"values":[-1,0,0,0,0,0,-1,0,0,1,0,0,0,0.1533,1.0045,1]},
{"frame":28,"values":[-1,0,0,0,0,0,-1,0,0,1,0,0,0,0.1051,1.004,1]},
{"frame":29,"values":[-1,0,0,0,0,0,-1,0,0,1,0,0,0,0.0523,1.0037,1]},
{"frame":30,"values":[-1,0,0,0,0,0,-1,0,0,1,0,0,0,-0.0036,1.0036,1]},
{"frame":31,"values":[-1,0,0,0,0,0,-1,0,0,1,0,0,0,-0.0716,1.0042,1]},
{"frame":32,"values":[-1,0,0,0,0,0,-1,0,0,1,0,0,0,-0.1605,1.0058,1]},
{"frame":33,"values":[-1,0,0,0,0,0,-1,0,0,1,0,0,0,-0.2675,1.0084,1]},
{"frame":34,"values":[-1,0,0,0,0,0,-1,0,0,1,0,0,0,-0.3866,1.0118,1]},
{"frame":35,"values":[-1,0,0,0,0,0,-1,0,0,1,0,0,0,-0.5086,1.0157,1]},
{"frame":36,"values":[-1,0,0,0,0,0,-1,0,0,1,0,0,0,-0.6227,1.0196,1]},
{"frame":37,"values":[-1,0,0,0,0,0,-1,0,0,1,0,0,0,-0.7188,1.023,1]},
{"frame":38,"values":[-1,0,0,0,0,0,-1,0,0,1,0,0,0,-0.7898,1.0256,1]},
{"frame":39,"values":[-1,0,0,0,0,0,-1,0,0,1,0,0,0,-0.8324,1.0272,1]},
{"frame":40,"values":[-1,0,0,0,0,0,-1,0,0,1,0,0,0,-0.8462,1.0278,1]},
{"frame":41,"values":[-1,0,0,0,0,0,-1,0,0,1,0,0,0,-0.8209,1.0274,1]},
{"frame":42,"values":[-1,0,0,0,0,0,-1,0,0,1,0,0,0,-0.7446,1.0264,1]},
{"frame":43,"values":[-1,0,0,0,0,0,-1,0,0,1,0,0,0,-0.6206,1.0247,1]},
{"frame":44,"values":[-1,0,0,0,0,0,-1,0,0,1,0,0,0,-0.4584,1.0225,1]},
{"frame":45,"values":[-1,0,0,0,0,0,-1,0,0,1,0,0,0,-0.2746,1.0201,1]},
{"frame":46,"values":[-1,0,0,0,0,0,-1,0,0,1,0,0,0,-0.0909,1.0176,1]},
{"frame":47,"values":[-1,0,0,0,0,0,-1,0,0,1,0,0,0,0.0714,1.0154,1]},
{"frame":48,"values":[-1,0,0,0,0,0,-1,0,0,1,0,0,0,0.1954,1.0138,1]},
{"frame":49,"values":[-1,0,0,0,0,0,-1,0,0,1,0,0,0,0.2717,1.0127,1]},
{"frame":50,"values":[-1,0,0,0,0,0,-1,0,0,1,0,0,0,0.297,1.0124,1]}],"loopBehavior":1,"name":"anim","property":"_matrix"}},
{"name":"Bone.001","index":3,"matrix":[1,0,0,0,0,0,1,0,0,-1,0,0,0,1,0,1],"rest":[1,0,0,0,0,0,1,0,0,-1,0,0,0,1,0,1],"parentBoneIndex":2,"length":0.8189
,"animation":{"dataType":3,"framePerSecond":24,"keys":[
{"frame":0,"values":[1,0,0,0,0,0,1,0,0,-1,0,0,0,1,0,1]},
{"frame":50,"values":[1,0,0,0,0,0,1,0,0,-1,0,0,0,1,0,1]}],"loopBehavior":1,"name":"anim","property":"_matrix"}},
{"name":"Bone.002","index":4,"matrix":[1,0,0,0,0,1,0,0,0,0,1,0,0,0.8189,0,1],"rest":[1,0,0,0,0,1,0,0,0,0,1,0,0,0.8189,0,1],"parentBoneIndex":3,"length":0.9693
,"animation":{"dataType":3,"framePerSecond":24,"keys":[
{"frame":0,"values":[1,0,0,0,0,1,0,0,0,0,1,0,0,0.8189,0,1]},
{"frame":50,"values":[1,0,0,0,0,1,0,0,0,0,1,0,0,0.8189,0,1]}],"loopBehavior":1,"name":"anim","property":"_matrix"}},
{"name":"Bone.003","index":5,"matrix":[1,0,0,0,0,1,0,0,0,0,1,0,0,0.9693,0,1],"rest":[1,0,0,0,0,1,0,0,0,0,1,0,0,0.9693,0,1],"parentBoneIndex":4,"length":0.7397
,"animation":{"dataType":3,"framePerSecond":24,"keys":[
{"frame":0,"values":[1,0,0,0,0,1,0,0,0,0,1,0,0,0.9693,0,1]},
{"frame":50,"values":[1,0,0,0,0,1,0,0,0,0,1,0,0,0.9693,0,1]}],"loopBehavior":1,"name":"anim","property":"_matrix"}},
{"name":"Bone.004","index":6,"matrix":[1,0,0,0,0,1,0,0,0,0,1,0,0,0.7397,0,1],"rest":[1,0,0,0,0,1,0,0,0,0,1,0,0,0.7397,0,1],"parentBoneIndex":5,"length":1.4373
,"animation":{"dataType":3,"framePerSecond":24,"keys":[
{"frame":0,"values":[1,0,0,0,0,1,0,0,0,0,1,0,0,0.7397,0,1]},
{"frame":50,"values":[1,0,0,0,0,1,0,0,0,0,1,0,0,0.7397,0,1]}],"loopBehavior":1,"name":"anim","property":"_matrix"}},
{"name":"Bone.002_L","index":7,"matrix":[0.0254,-0.9997,0,0,-0.9997,-0.0254,0,0,0,0,-1,0,0,0.9693,0,1],"rest":[0.0254,-0.9997,0,0,-0.9997,-0.0254,0,0,0,0,-1,0,0,0.9693,0,1],"parentBoneIndex":4,"length":1.1295
,"animation":{"dataType":3,"framePerSecond":24,"keys":[
{"frame":0,"values":[0.0254,-0.9997,0,0,-0.9997,-0.0254,0,0,0,0,-1,0,0,0.9693,0,1]},
{"frame":50,"values":[0.0254,-0.9997,0,0,-0.9997,-0.0254,0,0,0,0,-1,0,0,0.9693,0,1]}],"loopBehavior":1,"name":"anim","property":"_matrix"}},
{"name":"Bone.002_L.001","index":8,"matrix":[-0.5992,0.6091,0.5195,0,0.4473,0.7929,-0.4138,0,-0.664,-0.0155,-0.7476,0,0,1.1295,0,1],"rest":[-0.5992,0.6091,0.5195,0,0.4473,0.7929,-0.4138,0,-0.664,-0.0155,-0.7476,0,0,1.1295,0,1],"parentBoneIndex":7,"length":1.418
,"animation":{"dataType":3,"framePerSecond":24,"keys":[
{"frame":0,"values":[-0.5992,0.6091,0.5195,0,0.4473,0.7929,-0.4138,0,-0.664,-0.0155,-0.7476,0,0,1.1295,0,1]},
{"frame":11,"values":[-0.6178,0.5851,0.5253,0,0.4175,0.8102,-0.4114,0,-0.6663,-0.0348,-0.7448,0,0,1.1295,0,1]},
{"frame":12,"values":[-0.67,0.5062,0.5431,0,0.3212,0.8572,-0.4026,0,-0.6693,-0.0953,-0.7369,0,0,1.1295,0,1]},
{"frame":13,"values":[-0.7383,0.3577,0.5719,0,0.1456,0.9123,-0.3827,0,-0.6586,-0.1993,-0.7256,0,0,1.1295,0,1]},
{"frame":14,"values":[-0.7838,0.1334,0.6066,0,-0.1095,0.9317,-0.3464,0,-0.6114,-0.3379,-0.7156,0,0,1.1295,0,1]},
{"frame":15,"values":[-0.759,-0.1376,0.6364,0,-0.4033,0.8667,-0.2936,0,-0.5112,-0.4795,-0.7133,0,0,1.1295,0,1]},
{"frame":16,"values":[-0.6516,-0.389,0.6513,0,-0.6608,0.7127,-0.2354,0,-0.3726,-0.5837,-0.7214,0,0,1.1295,0,1]},
{"frame":17,"values":[-0.5042,-0.5674,0.651,0,-0.8308,0.5245,-0.1862,0,-0.2358,-0.6347,-0.7359,0,0,1.1295,0,1]},
{"frame":18,"values":[-0.3728,-0.6685,0.6435,0,-0.9184,0.3648,-0.1531,0,-0.1324,-0.6481,-0.7499,0,0,1.1295,0,1]},
{"frame":19,"values":[-0.2889,-0.7151,0.6366,0,-0.9546,0.2652,-0.1353,0,-0.0721,-0.6468,-0.7593,0,0,1.1295,0,1]},
{"frame":20,"values":[-0.2609,-0.7281,0.6339,0,-0.9639,0.2324,-0.1298,0,-0.0528,-0.6449,-0.7624,0,0,1.1295,0,1]},
{"frame":21,"values":[-0.2889,-0.7151,0.6366,0,-0.9546,0.2652,-0.1353,0,-0.0721,-0.6468,-0.7593,0,0,1.1295,0,1]},
{"frame":22,"values":[-0.3728,-0.6685,0.6435,0,-0.9184,0.3648,-0.1531,0,-0.1324,-0.6481,-0.7499,0,0,1.1295,0,1]},
{"frame":23,"values":[-0.5042,-0.5674,0.651,0,-0.8308,0.5245,-0.1862,0,-0.2358,-0.6347,-0.7359,0,0,1.1295,0,1]},
{"frame":24,"values":[-0.6516,-0.389,0.6513,0,-0.6608,0.7127,-0.2354,0,-0.3726,-0.5837,-0.7214,0,0,1.1295,0,1]},
{"frame":25,"values":[-0.759,-0.1376,0.6364,0,-0.4033,0.8667,-0.2936,0,-0.5112,-0.4795,-0.7133,0,0,1.1295,0,1]},
{"frame":26,"values":[-0.7838,0.1334,0.6066,0,-0.1094,0.9317,-0.3464,0,-0.6114,-0.3379,-0.7156,0,0,1.1295,0,1]},
{"frame":27,"values":[-0.7383,0.3577,0.5719,0,0.1456,0.9123,-0.3827,0,-0.6586,-0.1993,-0.7256,0,0,1.1295,0,1]},
{"frame":28,"values":[-0.67,0.5062,0.5431,0,0.3212,0.8572,-0.4026,0,-0.6693,-0.0953,-0.7369,0,0,1.1295,0,1]},
{"frame":29,"values":[-0.6178,0.5851,0.5253,0,0.4175,0.8102,-0.4114,0,-0.6663,-0.0348,-0.7448,0,0,1.1295,0,1]},
{"frame":30,"values":[-0.5992,0.6091,0.5195,0,0.4473,0.7929,-0.4138,0,-0.664,-0.0155,-0.7476,0,0,1.1295,0,1]},
{"frame":41,"values":[-0.6068,0.6015,0.5195,0,0.4372,0.7985,-0.4138,0,-0.6637,-0.0239,-0.7476,0,0,1.1295,0,1]},
{"frame":42,"values":[-0.6293,0.5779,0.5195,0,0.4065,0.8146,-0.4138,0,-0.6623,-0.0492,-0.7476,0,0,1.1295,0,1]},
{"frame":43,"values":[-0.6641,0.5376,0.5195,0,0.3549,0.8384,-0.4138,0,-0.658,-0.0904,-0.7476,0,0,1.1295,0,1]},
{"frame":44,"values":[-0.706,0.4813,0.5195,0,0.285,0.8646,-0.4138,0,-0.6484,-0.1441,-0.7476,0,0,1.1295,0,1]},
{"frame":45,"values":[-0.7478,0.4134,0.5195,0,0.2031,0.8874,-0.4138,0,-0.6321,-0.2039,-0.7476,0,0,1.1295,0,1]},
{"frame":46,"values":[-0.7831,0.3419,0.5195,0,0.1195,0.9025,-0.4138,0,-0.6103,-0.2619,-0.7476,0,0,1.1295,0,1]},
{"frame":47,"values":[-0.8085,0.2765,0.5195,0,0.0451,0.9093,-0.4138,0,-0.5868,-0.3111,-0.7476,0,0,1.1295,0,1]},
{"frame":48,"values":[-0.8241,0.2256,0.5195,0,-0.0117,0.9103,-0.4138,0,-0.5663,-0.3471,-0.7476,0,0,1.1295,0,1]},
{"frame":49,"values":[-0.8321,0.194,0.5195,0,-0.0464,0.9092,-0.4138,0,-0.5526,-0.3684,-0.7476,0,0,1.1295,0,1]},
{"frame":50,"values":[-0.8345,0.1835,0.5195,0,-0.0579,0.9085,-0.4138,0,-0.5479,-0.3754,-0.7476,0,0,1.1295,0,1]}],"loopBehavior":1,"name":"anim","property":"_matrix"}},
{"name":"Bone.002_L.002","index":9,"matrix":[-0.4377,-0.4034,-0.8036,0,0.429,0.6917,-0.5809,0,0.7902,-0.599,-0.1297,0,0,1.418,0,1],"rest":[-0.4377,-0.4034,-0.8036,0,0.429,0.6917,-0.5809,0,0.7902,-0.599,-0.1297,0,0,1.418,0,1],"parentBoneIndex":8,"length":1.7347
,"animation":{"dataType":3,"framePerSecond":24,"keys":[
{"frame":0,"values":[-0.4377,-0.4034,-0.8036,0,0.429,0.6917,-0.5809,0,0.7902,-0.599,-0.1297,0,0,1.418,0,1]},
{"frame":11,"values":[-0.4308,-0.3989,-0.8095,0,0.4246,0.7019,-0.5718,0,0.7963,-0.5901,-0.133,0,0,1.418,0,1]},
{"frame":12,"values":[-0.4101,-0.3846,-0.827,0,0.4103,0.732,-0.5439,0,0.8145,-0.5624,-0.1424,0,0,1.418,0,1]},
{"frame":13,"values":[-0.3767,-0.3586,-0.8541,0,0.3845,0.7783,-0.4964,0,0.8428,-0.5153,-0.1553,0,0,1.418,0,1]},
{"frame":14,"values":[-0.3339,-0.3199,-0.8867,0,0.3457,0.8335,-0.4309,0,0.8769,-0.4504,-0.1677,0,0,1.418,0,1]},
{"frame":15,"values":[-0.2873,-0.2701,-0.919,0,0.2957,0.8875,-0.3533,0,0.9111,-0.3733,-0.1751,0,0,1.418,0,1]},
{"frame":16,"values":[-0.2436,-0.2147,-0.9458,0,0.24,0.9315,-0.2733,0,0.9397,-0.2936,-0.1754,0,0,1.418,0,1]},
{"frame":17,"values":[-0.2081,-0.162,-0.9646,0,0.1869,0.9614,-0.2018,0,0.9601,-0.2222,-0.1698,0,0,1.418,0,1]},
{"frame":18,"values":[-0.1831,-0.1198,-0.9758,0,0.1443,0.9785,-0.1473,0,0.9724,-0.1678,-0.1619,0,0,1.418,0,1]},
{"frame":19,"values":[-0.1688,-0.0933,-0.9812,0,0.1175,0.9865,-0.114,0,0.9786,-0.1346,-0.1555,0,0,1.418,0,1]},
{"frame":20,"values":[-0.1642,-0.0844,-0.9828,0,0.1085,0.9887,-0.103,0,0.9804,-0.1236,-0.1532,0,0,1.418,0,1]},
{"frame":21,"values":[-0.1688,-0.0933,-0.9812,0,0.1175,0.9865,-0.114,0,0.9786,-0.1346,-0.1555,0,0,1.418,0,1]},
{"frame":22,"values":[-0.1831,-0.1198,-0.9758,0,0.1443,0.9785,-0.1473,0,0.9724,-0.1678,-0.1619,0,0,1.418,0,1]},
{"frame":23,"values":[-0.2081,-0.162,-0.9646,0,0.1869,0.9614,-0.2018,0,0.9601,-0.2222,-0.1698,0,0,1.418,0,1]},
{"frame":24,"values":[-0.2436,-0.2147,-0.9458,0,0.24,0.9315,-0.2733,0,0.9397,-0.2936,-0.1754,0,0,1.418,0,1]},
{"frame":25,"values":[-0.2873,-0.2701,-0.919,0,0.2957,0.8875,-0.3533,0,0.9111,-0.3733,-0.1751,0,0,1.418,0,1]},
{"frame":26,"values":[-0.3339,-0.3199,-0.8867,0,0.3457,0.8335,-0.4309,0,0.8769,-0.4504,-0.1677,0,0,1.418,0,1]},
{"frame":27,"values":[-0.3767,-0.3586,-0.8541,0,0.3845,0.7783,-0.4964,0,0.8428,-0.5153,-0.1553,0,0,1.418,0,1]},
{"frame":28,"values":[-0.4101,-0.3846,-0.827,0,0.4103,0.732,-0.5439,0,0.8145,-0.5624,-0.1424,0,0,1.418,0,1]},
{"frame":29,"values":[-0.4308,-0.3989,-0.8095,0,0.4246,0.7019,-0.5718,0,0.7963,-0.5901,-0.133,0,0,1.418,0,1]},
{"frame":30,"values":[-0.4377,-0.4034,-0.8036,0,0.429,0.6917,-0.5809,0,0.7902,-0.599,-0.1297,0,0,1.418,0,1]},
{"frame":50,"values":[-0.4377,-0.4034,-0.8036,0,0.429,0.6917,-0.5809,0,0.7902,-0.599,-0.1297,0,0,1.418,0,1]}],"loopBehavior":1,"name":"anim","property":"_matrix"}},
{"name":"Bone.002_R","index":10,"matrix":[-0.0254,-0.9997,0,0,0.9997,-0.0254,0,0,0,0,1,0,0,0.9693,0,1],"rest":[-0.0254,-0.9997,0,0,0.9997,-0.0254,0,0,0,0,1,0,0,0.9693,0,1],"parentBoneIndex":4,"length":1.1295
,"animation":{"dataType":3,"framePerSecond":24,"keys":[
{"frame":0,"values":[-0.0254,-0.9997,0,0,0.9997,-0.0254,0,0,0,0,1,0,0,0.9693,0,1]},
{"frame":50,"values":[-0.0254,-0.9997,0,0,0.9997,-0.0254,0,0,0,0,1,0,0,0.9693,0,1]}],"loopBehavior":1,"name":"anim","property":"_matrix"}},
{"name":"Bone.002_R.001","index":11,"matrix":[0.5992,-0.6091,0.5195,0,0.4473,0.7929,0.4138,0,-0.664,-0.0155,0.7476,0,0,1.1295,0,1],"rest":[0.5992,-0.6091,0.5195,0,0.4473,0.7929,0.4138,0,-0.664,-0.0155,0.7476,0,0,1.1295,0,1],"parentBoneIndex":10,"length":1.418
,"animation":{"dataType":3,"framePerSecond":24,"keys":[
{"frame":0,"values":[0.5992,-0.6091,0.5195,0,0.4473,0.7929,0.4138,0,-0.664,-0.0155,0.7476,0,0,1.1295,0,1]},
{"frame":11,"values":[0.6068,-0.6015,0.5195,0,0.4373,0.7985,0.4138,0,-0.6637,-0.0239,0.7476,0,0,1.1295,0,1]},
{"frame":12,"values":[0.6293,-0.5779,0.5195,0,0.4065,0.8146,0.4138,0,-0.6623,-0.0492,0.7476,0,0,1.1295,0,1]},
{"frame":13,"values":[0.6642,-0.5376,0.5195,0,0.3549,0.8384,0.4138,0,-0.658,-0.0904,0.7476,0,0,1.1295,0,1]},
{"frame":14,"values":[0.706,-0.4813,0.5195,0,0.285,0.8646,0.4138,0,-0.6484,-0.1441,0.7476,0,0,1.1295,0,1]},
{"frame":15,"values":[0.7478,-0.4134,0.5195,0,0.2031,0.8874,0.4138,0,-0.6321,-0.2039,0.7476,0,0,1.1295,0,1]},
{"frame":16,"values":[0.7831,-0.3419,0.5195,0,0.1195,0.9025,0.4138,0,-0.6103,-0.2619,0.7476,0,0,1.1295,0,1]},
{"frame":17,"values":[0.8085,-0.2765,0.5195,0,0.0451,0.9093,0.4138,0,-0.5868,-0.3111,0.7476,0,0,1.1295,0,1]},
{"frame":18,"values":[0.8241,-0.2256,0.5195,0,-0.0117,0.9103,0.4138,0,-0.5663,-0.3471,0.7476,0,0,1.1295,0,1]},
{"frame":19,"values":[0.8321,-0.194,0.5195,0,-0.0464,0.9092,0.4138,0,-0.5526,-0.3684,0.7476,0,0,1.1295,0,1]},
{"frame":20,"values":[0.8345,-0.1835,0.5195,0,-0.0579,0.9085,0.4138,0,-0.5479,-0.3754,0.7476,0,0,1.1295,0,1]},
{"frame":21,"values":[0.8321,-0.194,0.5195,0,-0.0464,0.9092,0.4138,0,-0.5526,-0.3684,0.7476,0,0,1.1295,0,1]},
{"frame":22,"values":[0.8241,-0.2256,0.5195,0,-0.0117,0.9103,0.4138,0,-0.5663,-0.3471,0.7476,0,0,1.1295,0,1]},
{"frame":23,"values":[0.8085,-0.2765,0.5195,0,0.0451,0.9093,0.4138,0,-0.5868,-0.3111,0.7476,0,0,1.1295,0,1]},
{"frame":24,"values":[0.7831,-0.3419,0.5195,0,0.1195,0.9025,0.4138,0,-0.6103,-0.2619,0.7476,0,0,1.1295,0,1]},
{"frame":25,"values":[0.7478,-0.4134,0.5195,0,0.2031,0.8874,0.4138,0,-0.6321,-0.2039,0.7476,0,0,1.1295,0,1]},
{"frame":26,"values":[0.706,-0.4813,0.5195,0,0.285,0.8646,0.4138,0,-0.6484,-0.1441,0.7476,0,0,1.1295,0,1]},
{"frame":27,"values":[0.6642,-0.5376,0.5195,0,0.3549,0.8384,0.4138,0,-0.658,-0.0904,0.7476,0,0,1.1295,0,1]},
{"frame":28,"values":[0.6293,-0.5779,0.5195,0,0.4065,0.8146,0.4138,0,-0.6623,-0.0492,0.7476,0,0,1.1295,0,1]},
{"frame":29,"values":[0.6068,-0.6015,0.5195,0,0.4373,0.7985,0.4138,0,-0.6637,-0.0239,0.7476,0,0,1.1295,0,1]},
{"frame":30,"values":[0.5992,-0.6091,0.5195,0,0.4473,0.7929,0.4138,0,-0.664,-0.0155,0.7476,0,0,1.1295,0,1]},
{"frame":41,"values":[0.6178,-0.5851,0.5253,0,0.4175,0.8102,0.4114,0,-0.6663,-0.0348,0.7448,0,0,1.1295,0,1]},
{"frame":42,"values":[0.67,-0.5062,0.5431,0,0.3212,0.8572,0.4026,0,-0.6693,-0.0953,0.7369,0,0,1.1295,0,1]},
{"frame":43,"values":[0.7383,-0.3577,0.5718,0,0.1456,0.9123,0.3827,0,-0.6586,-0.1993,0.7256,0,0,1.1295,0,1]},
{"frame":44,"values":[0.7838,-0.1334,0.6066,0,-0.1094,0.9317,0.3464,0,-0.6113,-0.3379,0.7156,0,0,1.1295,0,1]},
{"frame":45,"values":[0.759,0.1376,0.6364,0,-0.4033,0.8667,0.2936,0,-0.5112,-0.4795,0.7133,0,0,1.1295,0,1]},
{"frame":46,"values":[0.6516,0.389,0.6513,0,-0.6608,0.7127,0.2354,0,-0.3726,-0.5837,0.7214,0,0,1.1295,0,1]},
{"frame":47,"values":[0.5042,0.5674,0.651,0,-0.8308,0.5245,0.1863,0,-0.2358,-0.6347,0.7359,0,0,1.1295,0,1]},
{"frame":48,"values":[0.3728,0.6685,0.6435,0,-0.9184,0.3648,0.1531,0,-0.1324,-0.6481,0.7499,0,0,1.1295,0,1]},
{"frame":49,"values":[0.2889,0.7151,0.6366,0,-0.9546,0.2652,0.1353,0,-0.0721,-0.6468,0.7593,0,0,1.1295,0,1]},
{"frame":50,"values":[0.2609,0.7281,0.6339,0,-0.9639,0.2324,0.1298,0,-0.0528,-0.6449,0.7624,0,0,1.1295,0,1]}],"loopBehavior":1,"name":"anim","property":"_matrix"}},
{"name":"Bone.002_R.002","index":12,"matrix":[-0.4377,0.4034,0.8036,0,-0.429,0.6917,-0.5809,0,-0.7902,-0.599,-0.1297,0,0,1.418,0,1],"rest":[-0.4377,0.4034,0.8036,0,-0.429,0.6917,-0.5809,0,-0.7902,-0.599,-0.1297,0,0,1.418,0,1],"parentBoneIndex":11,"length":1.7347
,"animation":{"dataType":3,"framePerSecond":24,"keys":[
{"frame":0,"values":[-0.4377,0.4034,0.8036,0,-0.429,0.6917,-0.5809,0,-0.7902,-0.599,-0.1297,0,0,1.418,0,1]},
{"frame":41,"values":[-0.4308,0.3989,0.8095,0,-0.4246,0.7019,-0.5718,0,-0.7963,-0.5901,-0.133,0,0,1.418,0,1]},
{"frame":42,"values":[-0.4101,0.3846,0.827,0,-0.4103,0.732,-0.5439,0,-0.8145,-0.5624,-0.1424,0,0,1.418,0,1]},
{"frame":43,"values":[-0.3767,0.3586,0.8541,0,-0.3845,0.7783,-0.4964,0,-0.8428,-0.5153,-0.1553,0,0,1.418,0,1]},
{"frame":44,"values":[-0.3339,0.3199,0.8867,0,-0.3457,0.8335,-0.4309,0,-0.8769,-0.4504,-0.1677,0,0,1.418,0,1]},
{"frame":45,"values":[-0.2873,0.2701,0.919,0,-0.2957,0.8875,-0.3533,0,-0.9111,-0.3733,-0.1751,0,0,1.418,0,1]},
{"frame":46,"values":[-0.2436,0.2147,0.9458,0,-0.24,0.9315,-0.2733,0,-0.9397,-0.2936,-0.1754,0,0,1.418,0,1]},
{"frame":47,"values":[-0.2081,0.162,0.9646,0,-0.1869,0.9614,-0.2018,0,-0.9601,-0.2222,-0.1698,0,0,1.418,0,1]},
{"frame":48,"values":[-0.1831,0.1198,0.9758,0,-0.1443,0.9785,-0.1473,0,-0.9724,-0.1678,-0.1619,0,0,1.418,0,1]},
{"frame":49,"values":[-0.1688,0.0933,0.9812,0,-0.1175,0.9865,-0.114,0,-0.9786,-0.1346,-0.1555,0,0,1.418,0,1]},
{"frame":50,"values":[-0.1642,0.0844,0.9828,0,-0.1085,0.9887,-0.103,0,-0.9804,-0.1236,-0.1532,0,0,1.418,0,1]}],"loopBehavior":1,"name":"anim","property":"_matrix"}},
{"name":"Bone_L","index":13,"matrix":[0.8415,0,-0.5403,0,-0.5403,0,-0.8415,0,0,1,0,0,0,1,0,1],"rest":[0.8415,0,-0.5403,0,-0.5403,0,-0.8415,0,0,1,0,0,0,1,0,1],"parentBoneIndex":2,"length":1.0444
,"animation":{"dataType":3,"framePerSecond":24,"keys":[
{"frame":0,"values":[0.8415,0,-0.5403,0,-0.5403,0,-0.8415,0,0,1,0,0,0,1,0,1]},
{"frame":50,"values":[0.8415,0,-0.5403,0,-0.5403,0,-0.8415,0,0,1,0,0,0,1,0,1]}],"loopBehavior":1,"name":"anim","property":"_matrix"}},
{"name":"Bone_L.001","index":14,"matrix":[0.9316,-0.3542,0.082,0,0.3034,0.8815,0.3618,0,-0.2004,-0.3122,0.9286,0,0,1.0444,0,1],"rest":[0.9316,-0.3542,0.082,0,0.3034,0.8815,0.3618,0,-0.2004,-0.3122,0.9286,0,0,1.0444,0,1],"parentBoneIndex":13,"length":2.0813
,"animation":{"dataType":3,"framePerSecond":24,"keys":[
{"frame":0,"values":[0.9316,-0.3542,0.082,0,0.3034,0.8815,0.3618,0,-0.2004,-0.3122,0.9286,0,0,1.0444,0,1]},
{"frame":1,"values":[0.9324,-0.3519,0.0828,0,0.2983,0.8782,0.3738,0,-0.2043,-0.3239,0.9238,0,0,1.0444,0,1]},
{"frame":2,"values":[0.9346,-0.3453,0.0852,0,0.2835,0.868,0.4077,0,-0.2148,-0.3569,0.9091,0,0,1.0444,0,1]},
{"frame":3,"values":[0.9378,-0.3354,0.0892,0,0.2608,0.8505,0.4568,0,-0.2291,-0.4051,0.8851,0,0,1.0444,0,1]},
{"frame":4,"values":[0.9414,-0.3239,0.0943,0,0.233,0.8263,0.5127,0,-0.2439,-0.4607,0.8534,0,0,1.0444,0,1]},
{"frame":5,"values":[0.9448,-0.3121,0.0999,0,0.2035,0.7975,0.5679,0,-0.2569,-0.5163,0.817,0,0,1.0444,0,1]},
{"frame":6,"values":[0.9477,-0.3014,0.1053,0,0.1755,0.7673,0.6167,0,-0.2667,-0.566,0.7801,0,0,1.0444,0,1]},
{"frame":7,"values":[0.9499,-0.2926,0.1099,0,0.1519,0.7397,0.6556,0,-0.2731,-0.6061,0.7471,0,0,1.0444,0,1]},
{"frame":8,"values":[0.9515,-0.2861,0.1134,0,0.1345,0.7179,0.6831,0,-0.2768,-0.6346,0.7215,0,0,1.0444,0,1]},
{"frame":9,"values":[0.9524,-0.2823,0.1154,0,0.124,0.7042,0.6991,0,-0.2786,-0.6515,0.7057,0,0,1.0444,0,1]},
{"frame":10,"values":[0.9526,-0.2811,0.1161,0,0.1206,0.6996,0.7043,0,-0.2792,-0.6569,0.7004,0,0,1.0444,0,1]},
{"frame":11,"values":[0.9522,-0.2828,0.1152,0,0.1252,0.7058,0.6973,0,-0.2785,-0.6496,0.7075,0,0,1.0444,0,1]},
{"frame":12,"values":[0.951,-0.288,0.1124,0,0.1394,0.724,0.6756,0,-0.276,-0.6268,0.7287,0,0,1.0444,0,1]},
{"frame":13,"values":[0.9488,-0.2969,0.1078,0,0.1632,0.7529,0.6376,0,-0.2704,-0.5874,0.7628,0,0,1.0444,0,1]},
{"frame":14,"values":[0.9455,-0.3094,0.1014,0,0.1959,0.7893,0.582,0,-0.2601,-0.5304,0.8069,0,0,1.0444,0,1]},
{"frame":15,"values":[0.9409,-0.3253,0.0938,0,0.2357,0.8283,0.5083,0,-0.2431,-0.4561,0.8561,0,0,1.0444,0,1]},
{"frame":16,"values":[0.935,-0.3439,0.086,0,0.2796,0.8646,0.4175,0,-0.2179,-0.3663,0.9046,0,0,1.0444,0,1]},
{"frame":17,"values":[0.9279,-0.3644,0.079,0,0.3243,0.8932,0.3115,0,-0.1841,-0.2634,0.947,0,0,1.0444,0,1]},
{"frame":18,"values":[0.9193,-0.3866,0.0736,0,0.3677,0.9104,0.1897,0,-0.1404,-0.1473,0.9791,0,0,1.0444,0,1]},
{"frame":19,"values":[0.9058,-0.4177,0.0704,0,0.4184,0.9083,0.0061,0,-0.0665,0.0239,0.9975,0,0,1.0444,0,1]},
{"frame":20,"values":[0.9055,-0.4184,0.0704,0,0.419,0.9079,0.0058,0,-0.0664,0.0242,0.9975,0,0,1.0444,0,1]},
{"frame":21,"values":[0.9056,-0.4183,0.0704,0,0.419,0.908,0.0056,0,-0.0663,0.0244,0.9975,0,0,1.0444,0,1]},
{"frame":22,"values":[0.9057,-0.4181,0.0704,0,0.4188,0.9081,0.0053,0,-0.0662,0.0247,0.9975,0,0,1.0444,0,1]},
{"frame":23,"values":[0.9058,-0.4178,0.0704,0,0.4185,0.9082,0.005,0,-0.0661,0.0249,0.9975,0,0,1.0444,0,1]},
{"frame":24,"values":[0.9105,-0.4074,0.0708,0,0.4031,0.9127,0.0671,0,-0.092,-0.0325,0.9952,0,0,1.0444,0,1]},
{"frame":25,"values":[0.9154,-0.396,0.072,0,0.3846,0.9133,0.1339,0,-0.1188,-0.0949,0.9884,0,0,1.0444,0,1]},
{"frame":26,"values":[0.9193,-0.3866,0.0736,0,0.368,0.9107,0.1875,0,-0.1395,-0.1453,0.9795,0,0,1.0444,0,1]},
{"frame":27,"values":[0.9228,-0.3778,0.0754,0,0.3516,0.9059,0.2362,0,-0.1575,-0.1914,0.9688,0,0,1.0444,0,1]},
{"frame":28,"values":[0.926,-0.3695,0.0774,0,0.3352,0.8992,0.2812,0,-0.1735,-0.2345,0.9565,0,0,1.0444,0,1]},
{"frame":29,"values":[0.9289,-0.3616,0.0796,0,0.3192,0.8909,0.3231,0,-0.1878,-0.2747,0.943,0,0,1.0444,0,1]},
{"frame":30,"values":[0.9316,-0.3542,0.082,0,0.3034,0.8815,0.3618,0,-0.2004,-0.3122,0.9286,0,0,1.0444,0,1]},
{"frame":31,"values":[0.9344,-0.3461,0.0849,0,0.2853,0.8694,0.4034,0,-0.2134,-0.3527,0.9111,0,0,1.0444,0,1]},
{"frame":32,"values":[0.9375,-0.3364,0.0887,0,0.2632,0.8526,0.4515,0,-0.2275,-0.3999,0.8878,0,0,1.0444,0,1]},
{"frame":33,"values":[0.9408,-0.3259,0.0933,0,0.2381,0.8312,0.5024,0,-0.2413,-0.4505,0.8596,0,0,1.0444,0,1]},
{"frame":34,"values":[0.9439,-0.3153,0.0982,0,0.2118,0.8062,0.5525,0,-0.2534,-0.5007,0.8277,0,0,1.0444,0,1]},
{"frame":35,"values":[0.9466,-0.3054,0.1032,0,0.1862,0.7793,0.5983,0,-0.2631,-0.5471,0.7946,0,0,1.0444,0,1]},
{"frame":36,"values":[0.9489,-0.2967,0.1077,0,0.1633,0.7533,0.6371,0,-0.2701,-0.587,0.7632,0,0,1.0444,0,1]},
{"frame":37,"values":[0.9506,-0.2898,0.1114,0,0.1446,0.7306,0.6673,0,-0.2747,-0.6182,0.7364,0,0,1.0444,0,1]},
{"frame":38,"values":[0.9518,-0.2849,0.114,0,0.1311,0.7135,0.6883,0,-0.2774,-0.6401,0.7164,0,0,1.0444,0,1]},
{"frame":39,"values":[0.9524,-0.282,0.1156,0,0.1231,0.7031,0.7004,0,-0.2788,-0.6528,0.7043,0,0,1.0444,0,1]},
{"frame":40,"values":[0.9526,-0.2811,0.1161,0,0.1206,0.6996,0.7043,0,-0.2792,-0.6569,0.7004,0,0,1.0444,0,1]},
{"frame":41,"values":[0.9522,-0.2828,0.1152,0,0.1252,0.7058,0.6973,0,-0.2785,-0.6496,0.7075,0,0,1.0444,0,1]},
{"frame":42,"values":[0.951,-0.288,0.1124,0,0.1394,0.7241,0.6755,0,-0.2759,-0.6267,0.7287,0,0,1.0444,0,1]},
{"frame":43,"values":[0.9488,-0.2969,0.1078,0,0.1632,0.753,0.6374,0,-0.2704,-0.5872,0.7629,0,0,1.0444,0,1]},
{"frame":44,"values":[0.9455,-0.3094,0.1014,0,0.196,0.7894,0.5817,0,-0.26,-0.5301,0.8071,0,0,1.0444,0,1]},
{"frame":45,"values":[0.9409,-0.3253,0.0938,0,0.2358,0.8285,0.5079,0,-0.2429,-0.4558,0.8563,0,0,1.0444,0,1]},
{"frame":46,"values":[0.9351,-0.3439,0.0859,0,0.2797,0.8647,0.4171,0,-0.2178,-0.366,0.9048,0,0,1.0444,0,1]},
{"frame":47,"values":[0.9279,-0.3644,0.079,0,0.3243,0.8933,0.3111,0,-0.1839,-0.263,0.9471,0,0,1.0444,0,1]},
{"frame":48,"values":[0.9193,-0.3866,0.0736,0,0.3677,0.9104,0.1894,0,-0.1402,-0.147,0.9791,0,0,1.0444,0,1]},
{"frame":49,"values":[0.9058,-0.4177,0.0704,0,0.4184,0.9083,0.0059,0,-0.0664,0.0241,0.9975,0,0,1.0444,0,1]},
{"frame":50,"values":[0.9055,-0.4184,0.0704,0,0.419,0.9079,0.0058,0,-0.0664,0.0242,0.9975,0,0,1.0444,0,1]}],"loopBehavior":1,"name":"anim","property":"_matrix"}},
{"name":"Bone_L.002","index":15,"matrix":[-0.9851,0.166,0.0446,0,0.1026,0.7757,-0.6227,0,-0.138,-0.6088,-0.7812,0,0,2.0813,0,1],"rest":[-0.9851,0.166,0.0446,0,0.1026,0.7757,-0.6227,0,-0.138,-0.6088,-0.7812,0,0,2.0813,0,1],"parentBoneIndex":14,"length":2.6037
,"animation":{"dataType":3,"framePerSecond":24,"keys":[
{"frame":0,"values":[-0.9851,0.166,0.0446,0,0.1026,0.7757,-0.6227,0,-0.138,-0.6088,-0.7812,0,0,2.0813,0,1]},
{"frame":1,"values":[-0.9845,0.1706,0.0408,0,0.1052,0.7607,-0.6405,0,-0.1403,-0.6263,-0.7668,0,0,2.0813,0,1]},
{"frame":2,"values":[-0.9827,0.183,0.0297,0,0.1125,0.7158,-0.6892,0,-0.1474,-0.6739,-0.724,0,0,2.0813,0,1]},
{"frame":3,"values":[-0.9798,0.1995,0.0121,0,0.1218,0.6441,-0.7551,0,-0.1584,-0.7384,-0.6555,0,0,2.0813,0,1]},
{"frame":4,"values":[-0.9764,0.2159,-0.0101,0,0.1307,0.5527,-0.8231,0,-0.1721,-0.8049,-0.5679,0,0,2.0813,0,1]},
{"frame":5,"values":[-0.9728,0.2292,-0.0339,0,0.1372,0.4523,-0.8812,0,-0.1866,-0.8619,-0.4715,0,0,2.0813,0,1]},
{"frame":6,"values":[-0.9696,0.2381,-0.0563,0,0.1409,0.3553,-0.9241,0,-0.2001,-0.9039,-0.3781,0,0,2.0813,0,1]},
{"frame":7,"values":[-0.9671,0.2431,-0.0749,0,0.1422,0.2725,-0.9516,0,-0.211,-0.9309,-0.2981,0,0,2.0813,0,1]},
{"frame":8,"values":[-0.9654,0.2454,-0.0883,0,0.1421,0.211,-0.9671,0,-0.2187,-0.9462,-0.2386,0,0,2.0813,0,1]},
{"frame":9,"values":[-0.9644,0.2462,-0.0963,0,0.1417,0.1739,-0.9745,0,-0.2232,-0.9535,-0.2026,0,0,2.0813,0,1]},
{"frame":10,"values":[-0.9641,0.2464,-0.0989,0,0.1415,0.1617,-0.9766,0,-0.2247,-0.9556,-0.1908,0,0,2.0813,0,1]},
{"frame":11,"values":[-0.9645,0.2462,-0.0954,0,0.1418,0.1783,-0.9737,0,-0.2227,-0.9527,-0.2068,0,0,2.0813,0,1]},
{"frame":12,"values":[-0.9658,0.2449,-0.0845,0,0.1423,0.2288,-0.963,0,-0.2165,-0.9422,-0.2559,0,0,2.0813,0,1]},
{"frame":13,"values":[-0.9683,0.2411,-0.0659,0,0.1419,0.3133,-0.939,0,-0.2057,-0.9185,-0.3376,0,0,2.0813,0,1]},
{"frame":14,"values":[-0.9719,0.2319,-0.0397,0,0.1386,0.4281,-0.8931,0,-0.1901,-0.8735,-0.4482,0,0,2.0813,0,1]},
{"frame":15,"values":[-0.9767,0.2143,-0.0076,0,0.1301,0.564,-0.8155,0,-0.1705,-0.7975,-0.5787,0,0,2.0813,0,1]},
{"frame":16,"values":[-0.9822,0.1857,0.0271,0,0.1142,0.7061,-0.6989,0,-0.1489,-0.6833,-0.7148,0,0,2.0813,0,1]},
{"frame":17,"values":[-0.9876,0.1451,0.0597,0,0.0903,0.8367,-0.5401,0,-0.1283,-0.528,-0.8395,0,0,2.0813,0,1]},
{"frame":18,"values":[-0.9921,0.0913,0.086,0,0.0573,0.9399,-0.3367,0,-0.1115,-0.3291,-0.9377,0,0,2.0813,0,1]},
{"frame":19,"values":[-0.9948,0.002,0.1015,0,0.0012,1,-0.0072,0,-0.1015,-0.0071,-0.9948,0,0,2.0813,0,1]},
{"frame":20,"values":[-0.9948,0.002,0.1014,0,0.0013,1,-0.0073,0,-0.1014,-0.0071,-0.9948,0,0,2.0813,0,1]},
{"frame":22,"values":[-0.9948,0.002,0.1014,0,0.0012,1,-0.0073,0,-0.1015,-0.0071,-0.9948,0,0,2.0813,0,1]},
{"frame":23,"values":[-0.9948,0.002,0.1015,0,0.0012,1,-0.0072,0,-0.1015,-0.0071,-0.9948,0,0,2.0813,0,1]},
{"frame":24,"values":[-0.9945,0.0329,0.0996,0,0.0207,0.9925,-0.1208,0,-0.1028,-0.118,-0.9877,0,0,2.0813,0,1]},
{"frame":25,"values":[-0.9934,0.0656,0.0937,0,0.0412,0.9695,-0.2416,0,-0.1067,-0.2362,-0.9658,0,0,2.0813,0,1]},
{"frame":26,"values":[-0.9921,0.0911,0.0861,0,0.0571,0.9399,-0.3366,0,-0.1116,-0.329,-0.9377,0,0,2.0813,0,1]},
{"frame":27,"values":[-0.9905,0.1135,0.077,0,0.071,0.9045,-0.4205,0,-0.1174,-0.4111,-0.904,0,0,2.0813,0,1]},
{"frame":28,"values":[-0.9888,0.1333,0.0669,0,0.083,0.8645,-0.4958,0,-0.1239,-0.4847,-0.8659,0,0,2.0813,0,1]},
{"frame":29,"values":[-0.987,0.1508,0.0559,0,0.0935,0.8211,-0.563,0,-0.1308,-0.5505,-0.8245,0,0,2.0813,0,1]},
{"frame":30,"values":[-0.9851,0.166,0.0446,0,0.1026,0.7757,-0.6227,0,-0.138,-0.6088,-0.7812,0,0,2.0813,0,1]},
{"frame":31,"values":[-0.9829,0.1815,0.0311,0,0.1116,0.7213,-0.6835,0,-0.1465,-0.6684,-0.7293,0,0,2.0813,0,1]},
{"frame":32,"values":[-0.9801,0.1979,0.0139,0,0.1209,0.6515,-0.749,0,-0.1573,-0.7324,-0.6625,0,0,2.0813,0,1]},
{"frame":33,"values":[-0.977,0.2132,-0.006,0,0.1292,0.5693,-0.8119,0,-0.1696,-0.794,-0.5838,0,0,2.0813,0,1]},
{"frame":34,"values":[-0.9738,0.2258,-0.0272,0,0.1356,0.4804,-0.8665,0,-0.1826,-0.8475,-0.4984,0,0,2.0813,0,1]},
{"frame":35,"values":[-0.9708,0.2351,-0.0478,0,0.1397,0.392,-0.9093,0,-0.195,-0.8894,-0.4134,0,0,2.0813,0,1]},
{"frame":36,"values":[-0.9683,0.241,-0.0661,0,0.1417,0.3118,-0.9395,0,-0.2058,-0.9191,-0.3361,0,0,2.0813,0,1]},
{"frame":37,"values":[-0.9664,0.2442,-0.0806,0,0.1422,0.2461,-0.9587,0,-0.2143,-0.938,-0.2726,0,0,2.0813,0,1]},
{"frame":38,"values":[-0.9651,0.2457,-0.091,0,0.142,0.1987,-0.9697,0,-0.2202,-0.9487,-0.2267,0,0,2.0813,0,1]},
{"frame":39,"values":[-0.9643,0.2463,-0.0969,0,0.1416,0.1708,-0.9751,0,-0.2236,-0.954,-0.1996,0,0,2.0813,0,1]},
{"frame":40,"values":[-0.9641,0.2464,-0.0989,0,0.1415,0.1617,-0.9766,0,-0.2247,-0.9556,-0.1908,0,0,2.0813,0,1]},
{"frame":41,"values":[-0.9645,0.2462,-0.0954,0,0.1418,0.1783,-0.9737,0,-0.2227,-0.9527,-0.2068,0,0,2.0813,0,1]},
{"frame":42,"values":[-0.9659,0.2449,-0.0845,0,0.1423,0.2288,-0.963,0,-0.2165,-0.9422,-0.2558,0,0,2.0813,0,1]},
{"frame":43,"values":[-0.9683,0.241,-0.0659,0,0.1419,0.3133,-0.939,0,-0.2057,-0.9186,-0.3375,0,0,2.0813,0,1]},
{"frame":44,"values":[-0.9719,0.2319,-0.0397,0,0.1386,0.4281,-0.8931,0,-0.1901,-0.8735,-0.4482,0,0,2.0813,0,1]},
{"frame":45,"values":[-0.9767,0.2143,-0.0075,0,0.13,0.564,-0.8155,0,-0.1705,-0.7975,-0.5787,0,0,2.0813,0,1]},
{"frame":46,"values":[-0.9822,0.1856,0.0271,0,0.1142,0.7061,-0.6989,0,-0.1489,-0.6834,-0.7147,0,0,2.0813,0,1]},
{"frame":47,"values":[-0.9876,0.1451,0.0597,0,0.0902,0.8367,-0.5401,0,-0.1283,-0.5281,-0.8395,0,0,2.0813,0,1]},
{"frame":48,"values":[-0.9921,0.0913,0.086,0,0.0573,0.9399,-0.3367,0,-0.1115,-0.3291,-0.9377,0,0,2.0813,0,1]},
{"frame":49,"values":[-0.9948,0.002,0.1015,0,0.0012,1,-0.0072,0,-0.1015,-0.0071,-0.9948,0,0,2.0813,0,1]},
{"frame":50,"values":[-0.9948,0.002,0.1014,0,0.0013,1,-0.0073,0,-0.1014,-0.0071,-0.9948,0,0,2.0813,0,1]}],"loopBehavior":1,"name":"anim","property":"_matrix"}},
{"name":"Bone_R","index":16,"matrix":[0.8415,0,0.5403,0,0.5403,0,-0.8415,0,0,1,0,0,0,1,0,1],"rest":[0.8415,0,0.5403,0,0.5403,0,-0.8415,0,0,1,0,0,0,1,0,1],"parentBoneIndex":2,"length":1.0444
,"animation":{"dataType":3,"framePerSecond":24,"keys":[
{"frame":0,"values":[0.8415,0,0.5403,0,0.5403,0,-0.8415,0,0,1,0,0,0,1,0,1]},
{"frame":50,"values":[0.8415,0,0.5403,0,0.5403,0,-0.8415,0,0,1,0,0,0,1,0,1]}],"loopBehavior":1,"name":"anim","property":"_matrix"}},
{"name":"Bone_R.001","index":17,"matrix":[0.9316,0.3542,-0.082,0,-0.3034,0.8815,0.3618,0,0.2004,-0.3122,0.9286,0,0,1.0444,0,1],"rest":[0.9316,0.3542,-0.082,0,-0.3034,0.8815,0.3618,0,0.2004,-0.3122,0.9286,0,0,1.0444,0,1],"parentBoneIndex":16,"length":2.0813
,"animation":{"dataType":3,"framePerSecond":24,"keys":[
{"frame":0,"values":[0.9316,0.3542,-0.082,0,-0.3034,0.8815,0.3618,0,0.2004,-0.3122,0.9286,0,0,1.0444,0,1]},
{"frame":1,"values":[0.9324,0.3519,-0.0828,0,-0.2983,0.8782,0.3738,0,0.2043,-0.3239,0.9238,0,0,1.0444,0,1]},
{"frame":2,"values":[0.9346,0.3453,-0.0852,0,-0.2835,0.868,0.4077,0,0.2148,-0.3569,0.9091,0,0,1.0444,0,1]},
{"frame":3,"values":[0.9378,0.3354,-0.0892,0,-0.2608,0.8505,0.4568,0,0.2291,-0.4051,0.8851,0,0,1.0444,0,1]},
{"frame":4,"values":[0.9414,0.3239,-0.0943,0,-0.233,0.8263,0.5127,0,0.2439,-0.4607,0.8534,0,0,1.0444,0,1]},
{"frame":5,"values":[0.9448,0.3121,-0.0999,0,-0.2035,0.7975,0.5679,0,0.2569,-0.5163,0.817,0,0,1.0444,0,1]},
{"frame":6,"values":[0.9477,0.3014,-0.1053,0,-0.1755,0.7673,0.6167,0,0.2667,-0.566,0.7801,0,0,1.0444,0,1]},
{"frame":7,"values":[0.9499,0.2926,-0.1099,0,-0.1519,0.7397,0.6556,0,0.2731,-0.6061,0.7471,0,0,1.0444,0,1]},
{"frame":8,"values":[0.9515,0.2861,-0.1134,0,-0.1345,0.7179,0.6831,0,0.2768,-0.6346,0.7215,0,0,1.0444,0,1]},
{"frame":9,"values":[0.9524,0.2823,-0.1154,0,-0.124,0.7042,0.6991,0,0.2786,-0.6515,0.7057,0,0,1.0444,0,1]},
{"frame":10,"values":[0.9526,0.2811,-0.1161,0,-0.1206,0.6996,0.7043,0,0.2792,-0.6569,0.7004,0,0,1.0444,0,1]},
{"frame":11,"values":[0.9522,0.2828,-0.1152,0,-0.1252,0.7058,0.6973,0,0.2785,-0.6496,0.7075,0,0,1.0444,0,1]},
{"frame":12,"values":[0.951,0.288,-0.1124,0,-0.1394,0.724,0.6756,0,0.276,-0.6268,0.7287,0,0,1.0444,0,1]},
{"frame":13,"values":[0.9488,0.2969,-0.1078,0,-0.1632,0.7529,0.6376,0,0.2704,-0.5874,0.7628,0,0,1.0444,0,1]},
{"frame":14,"values":[0.9455,0.3094,-0.1014,0,-0.1959,0.7893,0.582,0,0.2601,-0.5304,0.8069,0,0,1.0444,0,1]},
{"frame":15,"values":[0.9409,0.3253,-0.0938,0,-0.2357,0.8283,0.5083,0,0.2431,-0.4561,0.8561,0,0,1.0444,0,1]},
{"frame":16,"values":[0.935,0.3439,-0.086,0,-0.2796,0.8646,0.4175,0,0.2179,-0.3663,0.9046,0,0,1.0444,0,1]},
{"frame":17,"values":[0.9279,0.3644,-0.079,0,-0.3243,0.8932,0.3115,0,0.1841,-0.2634,0.9469,0,0,1.0444,0,1]},
{"frame":18,"values":[0.9193,0.3866,-0.0736,0,-0.3677,0.9104,0.1897,0,0.1404,-0.1473,0.9791,0,0,1.0444,0,1]},
{"frame":19,"values":[0.9058,0.4177,-0.0704,0,-0.4184,0.9083,0.0061,0,0.0665,0.0239,0.9975,0,0,1.0444,0,1]},
{"frame":20,"values":[0.9055,0.4184,-0.0704,0,-0.419,0.9079,0.0058,0,0.0664,0.0242,0.9975,0,0,1.0444,0,1]},
{"frame":21,"values":[0.9056,0.4183,-0.0704,0,-0.419,0.908,0.0056,0,0.0663,0.0244,0.9975,0,0,1.0444,0,1]},
{"frame":22,"values":[0.9057,0.4181,-0.0704,0,-0.4188,0.9081,0.0053,0,0.0662,0.0247,0.9975,0,0,1.0444,0,1]},
{"frame":23,"values":[0.9058,0.4178,-0.0704,0,-0.4185,0.9082,0.005,0,0.0661,0.0249,0.9975,0,0,1.0444,0,1]},
{"frame":24,"values":[0.9105,0.4074,-0.0708,0,-0.4031,0.9127,0.0671,0,0.092,-0.0325,0.9952,0,0,1.0444,0,1]},
{"frame":25,"values":[0.9154,0.396,-0.072,0,-0.3846,0.9133,0.1339,0,0.1188,-0.0949,0.9884,0,0,1.0444,0,1]},
{"frame":26,"values":[0.9193,0.3866,-0.0736,0,-0.368,0.9107,0.1875,0,0.1395,-0.1453,0.9795,0,0,1.0444,0,1]},
{"frame":27,"values":[0.9228,0.3778,-0.0754,0,-0.3516,0.9059,0.2362,0,0.1575,-0.1914,0.9688,0,0,1.0444,0,1]},
{"frame":28,"values":[0.926,0.3695,-0.0774,0,-0.3352,0.8992,0.2812,0,0.1735,-0.2345,0.9565,0,0,1.0444,0,1]},
{"frame":29,"values":[0.9289,0.3616,-0.0796,0,-0.3192,0.8909,0.3231,0,0.1878,-0.2747,0.943,0,0,1.0444,0,1]},
{"frame":30,"values":[0.9316,0.3542,-0.082,0,-0.3034,0.8815,0.3618,0,0.2004,-0.3122,0.9286,0,0,1.0444,0,1]},
{"frame":31,"values":[0.9344,0.3461,-0.0849,0,-0.2853,0.8694,0.4034,0,0.2134,-0.3527,0.9111,0,0,1.0444,0,1]},
{"frame":32,"values":[0.9375,0.3364,-0.0887,0,-0.2632,0.8526,0.4515,0,0.2275,-0.4,0.8878,0,0,1.0444,0,1]},
{"frame":33,"values":[0.9408,0.3259,-0.0933,0,-0.2381,0.8312,0.5024,0,0.2413,-0.4505,0.8596,0,0,1.0444,0,1]},
{"frame":34,"values":[0.9439,0.3153,-0.0982,0,-0.2118,0.8062,0.5525,0,0.2534,-0.5007,0.8277,0,0,1.0444,0,1]},
{"frame":35,"values":[0.9466,0.3054,-0.1032,0,-0.1862,0.7793,0.5983,0,0.2631,-0.5471,0.7946,0,0,1.0444,0,1]},
{"frame":36,"values":[0.9489,0.2967,-0.1077,0,-0.1633,0.7533,0.6371,0,0.2701,-0.587,0.7632,0,0,1.0444,0,1]},
{"frame":37,"values":[0.9506,0.2898,-0.1114,0,-0.1446,0.7306,0.6673,0,0.2747,-0.6182,0.7364,0,0,1.0444,0,1]},
{"frame":38,"values":[0.9518,0.2849,-0.114,0,-0.1311,0.7135,0.6883,0,0.2774,-0.6401,0.7164,0,0,1.0444,0,1]},
{"frame":39,"values":[0.9524,0.282,-0.1156,0,-0.1231,0.7031,0.7004,0,0.2788,-0.6528,0.7043,0,0,1.0444,0,1]},
{"frame":40,"values":[0.9526,0.2811,-0.1161,0,-0.1206,0.6996,0.7043,0,0.2792,-0.6569,0.7004,0,0,1.0444,0,1]},
{"frame":41,"values":[0.9522,0.2828,-0.1152,0,-0.1252,0.7058,0.6973,0,0.2785,-0.6496,0.7075,0,0,1.0444,0,1]},
{"frame":42,"values":[0.951,0.288,-0.1124,0,-0.1394,0.7241,0.6755,0,0.2759,-0.6267,0.7287,0,0,1.0444,0,1]},
{"frame":43,"values":[0.9488,0.2969,-0.1078,0,-0.1632,0.753,0.6374,0,0.2704,-0.5872,0.7629,0,0,1.0444,0,1]},
{"frame":44,"values":[0.9455,0.3094,-0.1014,0,-0.196,0.7894,0.5817,0,0.26,-0.5301,0.8071,0,0,1.0444,0,1]},
{"frame":45,"values":[0.9409,0.3253,-0.0938,0,-0.2358,0.8285,0.5079,0,0.2429,-0.4558,0.8563,0,0,1.0444,0,1]},
{"frame":46,"values":[0.9351,0.3439,-0.0859,0,-0.2797,0.8647,0.4171,0,0.2178,-0.366,0.9048,0,0,1.0444,0,1]},
{"frame":47,"values":[0.9279,0.3644,-0.079,0,-0.3243,0.8933,0.3111,0,0.1839,-0.263,0.9471,0,0,1.0444,0,1]},
{"frame":48,"values":[0.9193,0.3866,-0.0736,0,-0.3677,0.9104,0.1894,0,0.1402,-0.147,0.9791,0,0,1.0444,0,1]},
{"frame":49,"values":[0.9058,0.4177,-0.0704,0,-0.4184,0.9083,0.0059,0,0.0664,0.0241,0.9975,0,0,1.0444,0,1]},
{"frame":50,"values":[0.9055,0.4184,-0.0704,0,-0.419,0.9079,0.0058,0,0.0664,0.0242,0.9975,0,0,1.0444,0,1]}],"loopBehavior":1,"name":"anim","property":"_matrix"}},
{"name":"Bone_R.002","index":18,"matrix":[-0.9851,-0.166,-0.0446,0,-0.1026,0.7757,-0.6227,0,0.138,-0.6088,-0.7812,0,0,2.0813,0,1],"rest":[-0.9851,-0.166,-0.0446,0,-0.1026,0.7757,-0.6227,0,0.138,-0.6088,-0.7812,0,0,2.0813,0,1],"parentBoneIndex":17,"length":2.6037
,"animation":{"dataType":3,"framePerSecond":24,"keys":[
{"frame":0,"values":[-0.9851,-0.166,-0.0446,0,-0.1026,0.7757,-0.6227,0,0.138,-0.6088,-0.7812,0,0,2.0813,0,1]},
{"frame":1,"values":[-0.9845,-0.1706,-0.0408,0,-0.1052,0.7607,-0.6405,0,0.1403,-0.6263,-0.7668,0,0,2.0813,0,1]},
{"frame":2,"values":[-0.9827,-0.183,-0.0297,0,-0.1125,0.7158,-0.6892,0,0.1474,-0.6739,-0.724,0,0,2.0813,0,1]},
{"frame":3,"values":[-0.9798,-0.1995,-0.0121,0,-0.1218,0.6441,-0.7551,0,0.1584,-0.7384,-0.6555,0,0,2.0813,0,1]},
{"frame":4,"values":[-0.9764,-0.2159,0.0101,0,-0.1307,0.5527,-0.8231,0,0.1721,-0.8049,-0.5679,0,0,2.0813,0,1]},
{"frame":5,"values":[-0.9728,-0.2292,0.0339,0,-0.1372,0.4523,-0.8812,0,0.1866,-0.8619,-0.4715,0,0,2.0813,0,1]},
{"frame":6,"values":[-0.9696,-0.2381,0.0563,0,-0.1409,0.3553,-0.9241,0,0.2001,-0.9039,-0.3781,0,0,2.0813,0,1]},
