{"producer":{"name":"Blender","version":"2.74 (sub 0)","exporter_version":"4.6.1","file":"figure_rigged_run_skel_text_action_pcwork.babylon"},
"autoClear":true,"clearColor":[0.0509,0.0509,0.0509],"ambientColor":[0,0,0],"gravity":[0,-9.81,0],
"materials":[{"name":"figure_rigged_run_skel_text_action_pcwork.SoccUniform","id":"figure_rigged_run_skel_text_action_pcwork.SoccUniform","ambient":[0.8,0.8,0.8],"diffuse":[0.64,0.64,0.64],"specular":[0.5,0.5,0.5],"emissive":[0,0,0],"specularPower":50,"alpha":1,"backFaceCulling":true,"checkReadyOnlyOnce":false, 
"diffuseTexture":{"name":"figure_rigged_run_text01.png","level":1,"hasAlpha":1,"coordinatesMode":0,"uOffset":0,"vOffset":0,"uScale":1,"vScale":1,"uAng":0,"vAng":0,"wAng":0,"wrapU":1,"wrapV":1,"coordinatesIndex":0}}],
"multiMaterials":[],
"skeletons":[{"name":"Armature","id":0,"dimensionsAtRest":[0,0,0],"bones":[
{"name":"Bone_L.003","index":0,"matrix":[-1,0,0,0,0,-1,0,0,0,0,-1,0,1.2103,-4.4897,-2.1454,1],"rest":[-1,0,0,0,0,-1,0,0,0,0,-1,0,1.2103,-5.2529,0.0036,1],"parentBoneIndex":-1,"length":0.9358
,"animation":{"dataType":3,"framePerSecond":24,"keys":[
{"frame":0,"values":[-1,0,0,0,0,-1,0,0,0,0,-1,0,1.2103,-4.4897,-2.1454,1]},
{"frame":1,"values":[-1,0,0,0,0,-1,0,0,0,0,-1,0,1.2103,-4.4679,-2.0403,1]},
{"frame":2,"values":[-1,0,0,0,0,-1,0,0,0,0,-1,0,1.2103,-4.4022,-1.724,1]},
{"frame":3,"values":[-1,0,0,0,0,-1,0,0,0,0,-1,0,1.2103,-4.2955,-1.2099,1]},
{"frame":4,"values":[-1,0,0,0,0,-1,0,0,0,0,-1,0,1.2103,-4.1559,-0.5373,1]},
{"frame":5,"values":[-1,0,0,0,0,-1,0,0,0,0,-1,0,1.2103,-3.9977,0.2245,1]},
{"frame":6,"values":[-1,0,0,0,0,-1,0,0,0,0,-1,0,1.2103,-3.8395,0.9864,1]},
{"frame":7,"values":[-1,0,0,0,0,-1,0,0,0,0,-1,0,1.2103,-3.6998,1.6589,1]},
{"frame":8,"values":[-1,0,0,0,0,-1,0,0,0,0,-1,0,1.2103,-3.5931,2.1731,1]},
{"frame":9,"values":[-1,0,0,0,0,-1,0,0,0,0,-1,0,1.2103,-3.5274,2.4894,1]},
{"frame":10,"values":[-1,0,0,0,0,-1,0,0,0,0,-1,0,1.2103,-3.5056,2.5944,1]},
{"frame":11,"values":[-1,0,0,0,0,-1,0,0,0,0,-1,0,1.2103,-3.5201,2.4894,1]},
{"frame":12,"values":[-1,0,0,0,0,-1,0,0,0,0,-1,0,1.2103,-3.5649,2.1731,1]},
{"frame":13,"values":[-1,0,0,0,0,-1,0,0,0,0,-1,0,1.2103,-3.6404,1.6589,1]},
{"frame":14,"values":[-1,0,0,0,0,-1,0,0,0,0,-1,0,1.2103,-3.7442,0.9864,1]},
{"frame":15,"values":[-1,0,0,0,0,-1,0,0,0,0,-1,0,1.2103,-3.8698,0.2245,1]},
{"frame":16,"values":[-1,0,0,0,0,-1,0,0,0,0,-1,0,1.2103,-4.0075,-0.5373,1]},
{"frame":17,"values":[-1,0,0,0,0,-1,0,0,0,0,-1,0,1.2103,-4.1464,-1.2099,1]},
{"frame":18,"values":[-1,0,0,0,0,-1,0,0,0,0,-1,0,1.2103,-4.277,-1.724,1]},
{"frame":19,"values":[-1,0,0,0,0,-1,0,0,0,0,-1,0,1.2103,-4.3926,-2.0403,1]},
{"frame":20,"values":[-1,0,0,0,0,-1,0,0,0,0,-1,0,1.2103,-4.4897,-2.1454,1]},
{"frame":21,"values":[-1,0,0,0,0,-1,0,0,0,0,-1,0,1.2103,-4.582,-2.1143,1]},
{"frame":22,"values":[-1,0,0,0,0,-1,0,0,0,0,-1,0,1.2103,-4.6828,-2.0181,1]},
{"frame":23,"values":[-1,0,0,0,0,-1,0,0,0,0,-1,0,1.2103,-4.7894,-1.8556,1]},
{"frame":24,"values":[-1,0,0,0,0,-1,0,0,0,0,-1,0,1.2103,-4.897,-1.6319,1]},
{"frame":25,"values":[-1,0,0,0,0,-1,0,0,0,0,-1,0,1.2103,-4.9992,-1.3602,1]},
{"frame":26,"values":[-1,0,0,0,0,-1,0,0,0,0,-1,0,1.2103,-5.0893,-1.0611,1]},
{"frame":27,"values":[-1,0,0,0,0,-1,0,0,0,0,-1,0,1.2103,-5.1617,-0.7578,1]},
{"frame":28,"values":[-1,0,0,0,0,-1,0,0,0,0,-1,0,1.2103,-5.2133,-0.4708,1]},
{"frame":29,"values":[-1,0,0,0,0,-1,0,0,0,0,-1,0,1.2103,-5.2433,-0.2144,1]},
{"frame":30,"values":[-1,0,0,0,0,-1,0,0,0,0,-1,0,1.2103,-5.2529,0.0036,1]},
{"frame":31,"values":[-1,0,0,0,0,-1,0,0,0,0,-1,0,1.1924,-5.1192,0.2191,1]},
{"frame":32,"values":[-1,0,0,0,0,-1,0,0,0,0,-1,0,1.1393,-4.7236,0.4636,1]},
{"frame":33,"values":[-1,0,0,0,0,-1,0,0,0,0,-1,0,1.0585,-4.1208,0.717,1]},
{"frame":34,"values":[-1,0,0,0,0,-1,0,0,0,0,-1,0,0.9668,-3.4371,0.9482,1]},
{"frame":35,"values":[-1,0,0,0,0,-1,0,0,0,0,-1,0,0.886,-2.8343,1.126,1]},
{"frame":36,"values":[-1,0,0,0,0,-1,0,0,0,0,-1,0,0.833,-2.4387,1.2324,1]},
{"frame":37,"values":[-1,0,0,0,0,-1,0,0,0,0,-1,0,0.815,-2.3049,1.2664,1]},
{"frame":38,"values":[-1,0,0,0,0,-1,0,0,0,0,-1,0,0.815,-2.3194,1.2098,1]},
{"frame":39,"values":[-1,0,0,0,0,-1,0,0,0,0,-1,0,0.815,-2.3639,1.0389,1]},
{"frame":40,"values":[-1,0,0,0,0,-1,0,0,0,0,-1,0,0.815,-2.4397,0.7559,1]},
{"frame":41,"values":[-1,0,0,0,0,-1,0,0,0,0,-1,0,0.815,-2.5465,0.3705,1]},
{"frame":42,"values":[-1,0,0,0,0,-1,0,0,0,0,-1,0,0.815,-2.6821,-0.0987,1]},
{"frame":43,"values":[-1,0,0,0,0,-1,0,0,0,0,-1,0,0.815,-2.8421,-0.6231,1]},
{"frame":44,"values":[-1,0,0,0,0,-1,0,0,0,0,-1,0,0.815,-3.0198,-1.167,1]},
{"frame":45,"values":[-1,0,0,0,0,-1,0,0,0,0,-1,0,0.815,-3.2069,-1.6914,1]},
{"frame":46,"values":[-1,0,0,0,0,-1,0,0,0,0,-1,0,0.815,-3.3951,-2.1606,1]},
{"frame":47,"values":[-1,0,0,0,0,-1,0,0,0,0,-1,0,0.815,-3.5772,-2.546,1]},
{"frame":48,"values":[-1,0,0,0,0,-1,0,0,0,0,-1,0,0.815,-3.7473,-2.829,1]},
{"frame":49,"values":[-1,0,0,0,0,-1,0,0,0,0,-1,0,0.815,-3.9018,-2.9999,1]},
{"frame":50,"values":[-1,0,0,0,0,-1,0,0,0,0,-1,0,0.815,-4.0385,-3.0565,1]},
{"frame":51,"values":[-1,0,0,0,0,-1,0,0,0,0,-1,0,0.8238,-4.1752,-2.9887,1]},
{"frame":52,"values":[-1,0,0,0,0,-1,0,0,0,0,-1,0,0.8502,-4.3291,-2.7845,1]},
{"frame":53,"values":[-1,0,0,0,0,-1,0,0,0,0,-1,0,0.893,-4.4956,-2.4525,1]},
{"frame":54,"values":[-1,0,0,0,0,-1,0,0,0,0,-1,0,0.9491,-4.6668,-2.0183,1]},
{"frame":55,"values":[-1,0,0,0,0,-1,0,0,0,0,-1,0,1.0127,-4.8322,-1.5264,1]},
{"frame":56,"values":[-1,0,0,0,0,-1,0,0,0,0,-1,0,1.0762,-4.9799,-1.0346,1]},
{"frame":57,"values":[-1,0,0,0,0,-1,0,0,0,0,-1,0,1.1323,-5.0999,-0.6004,1]},
{"frame":58,"values":[-1,0,0,0,0,-1,0,0,0,0,-1,0,1.1752,-5.1861,-0.2684,1]},
{"frame":59,"values":[-1,0,0,0,0,-1,0,0,0,0,-1,0,1.2015,-5.2367,-0.0642,1]},
{"frame":60,"values":[-1,0,0,0,0,-1,0,0,0,0,-1,0,1.2103,-5.2529,0.0036,1]},
{"frame":141,"values":[-1,0,0,0,0,-1,0,0,0,0,-1,0,1.2103,-5.2464,0.0175,1]},
{"frame":142,"values":[-1,0,0,0,0,-1,0,0,0,0,-1,0,1.2103,-5.2266,0.0596,1]},
{"frame":143,"values":[-1,0,0,0,0,-1,0,0,0,0,-1,0,1.2103,-5.1934,0.1299,1]},
{"frame":144,"values":[-1,0,0,0,0,-1,0,0,0,0,-1,0,1.2103,-5.1473,0.2279,1]},
{"frame":145,"values":[-1,0,0,0,0,-1,0,0,0,0,-1,0,1.2103,-5.0885,0.3526,1]},
{"frame":146,"values":[-1,0,0,0,0,-1,0,0,0,0,-1,0,1.2103,-5.0183,0.5017,1]},
{"frame":147,"values":[-1,0,0,0,0,-1,0,0,0,0,-1,0,1.2103,-4.938,0.6721,1]},
{"frame":148,"values":[-1,0,0,0,0,-1,0,0,0,0,-1,0,1.2103,-4.8497,0.8597,1]},
{"frame":149,"values":[-1,0,0,0,0,-1,0,0,0,0,-1,0,1.2103,-4.7556,1.0594,1]},
{"frame":150,"values":[-1,0,0,0,0,-1,0,0,0,0,-1,0,1.2103,-4.6586,1.2654,1]},
{"frame":151,"values":[-1,0,0,0,0,-1,0,0,0,0,-1,0,1.2103,-4.5616,1.4713,1]},
{"frame":152,"values":[-1,0,0,0,0,-1,0,0,0,0,-1,0,1.2103,-4.4676,1.671,1]},
{"frame":153,"values":[-1,0,0,0,0,-1,0,0,0,0,-1,0,1.2103,-4.3792,1.8586,1]},
{"frame":154,"values":[-1,0,0,0,0,-1,0,0,0,0,-1,0,1.2103,-4.2989,2.029,1]},
{"frame":155,"values":[-1,0,0,0,0,-1,0,0,0,0,-1,0,1.2103,-4.2287,2.1781,1]},
{"frame":156,"values":[-1,0,0,0,0,-1,0,0,0,0,-1,0,1.2103,-4.17,2.3028,1]},
{"frame":157,"values":[-1,0,0,0,0,-1,0,0,0,0,-1,0,1.2103,-4.1238,2.4009,1]},
{"frame":158,"values":[-1,0,0,0,0,-1,0,0,0,0,-1,0,1.2103,-4.0907,2.4712,1]},
{"frame":159,"values":[-1,0,0,0,0,-1,0,0,0,0,-1,0,1.2103,-4.0709,2.5132,1]},
{"frame":160,"values":[-1,0,0,0,0,-1,0,0,0,0,-1,0,1.2103,-4.0643,2.5271,1]},
{"frame":161,"values":[-1,0,0,0,0,-1,0,0,0,0,-1,0,1.2103,-4.0709,2.519,1]},
{"frame":162,"values":[-1,0,0,0,0,-1,0,0,0,0,-1,0,1.2103,-4.0907,2.4942,1]},
{"frame":163,"values":[-1,0,0,0,0,-1,0,0,0,0,-1,0,1.2103,-4.1238,2.4519,1]},
{"frame":164,"values":[-1,0,0,0,0,-1,0,0,0,0,-1,0,1.2103,-4.17,2.3916,1]},
{"frame":165,"values":[-1,0,0,0,0,-1,0,0,0,0,-1,0,1.2103,-4.2287,2.313,1]},
{"frame":166,"values":[-1,0,0,0,0,-1,0,0,0,0,-1,0,1.2103,-4.2989,2.2162,1]},
{"frame":167,"values":[-1,0,0,0,0,-1,0,0,0,0,-1,0,1.2103,-4.3792,2.1019,1]},
{"frame":168,"values":[-1,0,0,0,0,-1,0,0,0,0,-1,0,1.2103,-4.4676,1.9712,1]},
{"frame":169,"values":[-1,0,0,0,0,-1,0,0,0,0,-1,0,1.2103,-4.5616,1.8259,1]},
{"frame":170,"values":[-1,0,0,0,0,-1,0,0,0,0,-1,0,1.2103,-4.6586,1.6683,1]},
{"frame":171,"values":[-1,0,0,0,0,-1,0,0,0,0,-1,0,1.2103,-4.7556,1.501,1]},
{"frame":172,"values":[-1,0,0,0,0,-1,0,0,0,0,-1,0,1.2103,-4.8497,1.3271,1]},
{"frame":173,"values":[-1,0,0,0,0,-1,0,0,0,0,-1,0,1.2103,-4.938,1.1496,1]},
{"frame":174,"values":[-1,0,0,0,0,-1,0,0,0,0,-1,0,1.2103,-5.0183,0.9713,1]},
{"frame":175,"values":[-1,0,0,0,0,-1,0,0,0,0,-1,0,1.2103,-5.0885,0.7949,1]},
{"frame":176,"values":[-1,0,0,0,0,-1,0,0,0,0,-1,0,1.2103,-5.1473,0.6225,1]},
{"frame":177,"values":[-1,0,0,0,0,-1,0,0,0,0,-1,0,1.2103,-5.1934,0.4561,1]},
{"frame":178,"values":[-1,0,0,0,0,-1,0,0,0,0,-1,0,1.2103,-5.2266,0.2968,1]},
{"frame":179,"values":[-1,0,0,0,0,-1,0,0,0,0,-1,0,1.2103,-5.2464,0.1458,1]},
{"frame":180,"values":[-1,0,0,0,0,-1,0,0,0,0,-1,0,1.2103,-5.2529,0.0036,1]},
{"frame":181,"values":[-1,0,0,0,0,-1,0,0,0,0,-1,0,1.2103,-5.2465,-0.1411,1]},
{"frame":182,"values":[-1,0,0,0,0,-1,0,0,0,0,-1,0,1.2103,-5.227,-0.2997,1]},
{"frame":183,"values":[-1,0,0,0,0,-1,0,0,0,0,-1,0,1.2103,-5.1944,-0.4717,1]},
{"frame":184,"values":[-1,0,0,0,0,-1,0,0,0,0,-1,0,1.2103,-5.1489,-0.6559,1]},
{"frame":185,"values":[-1,0,0,0,0,-1,0,0,0,0,-1,0,1.2103,-5.0911,-0.8509,1]},
{"frame":186,"values":[-1,0,0,0,0,-1,0,0,0,0,-1,0,1.2103,-5.0219,-1.0543,1]},
{"frame":187,"values":[-1,0,0,0,0,-1,0,0,0,0,-1,0,1.2103,-4.9429,-1.2635,1]},
{"frame":188,"values":[-1,0,0,0,0,-1,0,0,0,0,-1,0,1.2103,-4.8559,-1.475,1]},
{"frame":189,"values":[-1,0,0,0,0,-1,0,0,0,0,-1,0,1.2103,-4.7633,-1.6851,1]},
{"frame":190,"values":[-1,0,0,0,0,-1,0,0,0,0,-1,0,1.2103,-4.6678,-1.8896,1]},
{"frame":191,"values":[-1,0,0,0,0,-1,0,0,0,0,-1,0,1.2103,-4.5722,-2.0845,1]},
{"frame":192,"values":[-1,0,0,0,0,-1,0,0,0,0,-1,0,1.2103,-4.4796,-2.266,1]},
{"frame":193,"values":[-1,0,0,0,0,-1,0,0,0,0,-1,0,1.2103,-4.3926,-2.4307,1]},
{"frame":194,"values":[-1,0,0,0,0,-1,0,0,0,0,-1,0,1.2103,-4.3136,-2.5759,1]},
{"frame":195,"values":[-1,0,0,0,0,-1,0,0,0,0,-1,0,1.2103,-4.2444,-2.6997,1]},
{"frame":196,"values":[-1,0,0,0,0,-1,0,0,0,0,-1,0,1.2103,-4.1866,-2.8009,1]},
{"frame":197,"values":[-1,0,0,0,0,-1,0,0,0,0,-1,0,1.2103,-4.1411,-2.879,1]},
{"frame":198,"values":[-1,0,0,0,0,-1,0,0,0,0,-1,0,1.2103,-4.1085,-2.934,1]},
{"frame":199,"values":[-1,0,0,0,0,-1,0,0,0,0,-1,0,1.2103,-4.089,-2.9664,1]},
{"frame":200,"values":[-1,0,0,0,0,-1,0,0,0,0,-1,0,1.2103,-4.0826,-2.977,1]},
{"frame":201,"values":[-1,0,0,0,0,-1,0,0,0,0,-1,0,1.2103,-4.1085,-2.9109,1]},
{"frame":202,"values":[-1,0,0,0,0,-1,0,0,0,0,-1,0,1.2103,-4.1866,-2.7121,1]},
{"frame":203,"values":[-1,0,0,0,0,-1,0,0,0,0,-1,0,1.2103,-4.3136,-2.3887,1]},
{"frame":204,"values":[-1,0,0,0,0,-1,0,0,0,0,-1,0,1.2103,-4.4796,-1.9658,1]},
{"frame":205,"values":[-1,0,0,0,0,-1,0,0,0,0,-1,0,1.2103,-4.6678,-1.4867,1]},
{"frame":206,"values":[-1,0,0,0,0,-1,0,0,0,0,-1,0,1.2103,-4.8559,-1.0076,1]},
{"frame":207,"values":[-1,0,0,0,0,-1,0,0,0,0,-1,0,1.2103,-5.0219,-0.5847,1]},
{"frame":208,"values":[-1,0,0,0,0,-1,0,0,0,0,-1,0,1.2103,-5.1489,-0.2613,1]},
{"frame":209,"values":[-1,0,0,0,0,-1,0,0,0,0,-1,0,1.2103,-5.227,-0.0625,1]},
{"frame":210,"values":[-1,0,0,0,0,-1,0,0,0,0,-1,0,1.2103,-5.2529,0.0036,1]},
{"frame":211,"values":[-1,0,0,0,0,-1,0,0,0,0,-1,0,1.2103,-5.2503,-0.0133,1]},
{"frame":212,"values":[-1,0,0,0,0,-1,0,0,0,0,-1,0,1.2103,-5.2409,-0.0671,1]},
{"frame":213,"values":[-1,0,0,0,0,-1,0,0,0,0,-1,0,1.2103,-5.2219,-0.1612,1]},
{"frame":214,"values":[-1,0,0,0,0,-1,0,0,0,0,-1,0,1.2103,-5.1903,-0.2965,1]},
{"frame":215,"values":[-1,0,0,0,0,-1,0,0,0,0,-1,0,1.2103,-5.1435,-0.4695,1]},
{"frame":216,"values":[-1,0,0,0,0,-1,0,0,0,0,-1,0,1.2103,-5.0802,-0.6721,1]},
{"frame":217,"values":[-1,0,0,0,0,-1,0,0,0,0,-1,0,1.2103,-5.0008,-0.8935,1]},
{"frame":218,"values":[-1,0,0,0,0,-1,0,0,0,0,-1,0,1.2103,-4.9069,-1.1224,1]},
{"frame":219,"values":[-1,0,0,0,0,-1,0,0,0,0,-1,0,1.2103,-4.8011,-1.3497,1]},
{"frame":220,"values":[-1,0,0,0,0,-1,0,0,0,0,-1,0,1.2103,-4.686,-1.569,1]},
{"frame":221,"values":[-1,0,0,0,0,-1,0,0,0,0,-1,0,1.2103,-4.5434,-1.8134,1]},
{"frame":222,"values":[-1,0,0,0,0,-1,0,0,0,0,-1,0,1.2103,-4.3547,-2.1163,1]},
{"frame":223,"values":[-1,0,0,0,0,-1,0,0,0,0,-1,0,1.2103,-4.1259,-2.4682,1]},
{"frame":224,"values":[-1,0,0,0,0,-1,0,0,0,0,-1,0,1.2103,-3.87,-2.8505,1]},
{"frame":225,"values":[-1,0,0,0,0,-1,0,0,0,0,-1,0,1.2103,-3.6069,-3.2354,1]},
{"frame":226,"values":[-1,0,0,0,0,-1,0,0,0,0,-1,0,1.2103,-3.3602,-3.5906,1]},
{"frame":227,"values":[-1,0,0,0,0,-1,0,0,0,0,-1,0,1.2103,-3.1522,-3.8867,1]},
{"frame":228,"values":[-1,0,0,0,0,-1,0,0,0,0,-1,0,1.2103,-2.9983,-4.1038,1]},
{"frame":229,"values":[-1,0,0,0,0,-1,0,0,0,0,-1,0,1.2103,-2.9059,-4.2333,1]},
{"frame":230,"values":[-1,0,0,0,0,-1,0,0,0,0,-1,0,1.2103,-2.8757,-4.2753,1]}],"loopBehavior":1,"name":"anim","property":"_matrix"}},
{"name":"Bone_R.003","index":1,"matrix":[-1,0,0,0,0,-1,0,0,0,0,-1,0,-1.2103,-3.5056,2.5944,1],"rest":[-1,0,0,0,0,-1,0,0,0,0,-1,0,-1.2103,-5.2529,0.0036,1],"parentBoneIndex":-1,"length":0.9358
,"animation":{"dataType":3,"framePerSecond":24,"keys":[
{"frame":0,"values":[-1,0,0,0,0,-1,0,0,0,0,-1,0,-1.2103,-3.5056,2.5944,1]},
{"frame":1,"values":[-1,0,0,0,0,-1,0,0,0,0,-1,0,-1.2103,-3.5274,2.4894,1]},
{"frame":2,"values":[-1,0,0,0,0,-1,0,0,0,0,-1,0,-1.2103,-3.5931,2.1731,1]},
{"frame":3,"values":[-1,0,0,0,0,-1,0,0,0,0,-1,0,-1.2103,-3.6998,1.6589,1]},
{"frame":4,"values":[-1,0,0,0,0,-1,0,0,0,0,-1,0,-1.2103,-3.8395,0.9864,1]},
{"frame":5,"values":[-1,0,0,0,0,-1,0,0,0,0,-1,0,-1.2103,-3.9977,0.2245,1]},
{"frame":6,"values":[-1,0,0,0,0,-1,0,0,0,0,-1,0,-1.2103,-4.1559,-0.5373,1]},
{"frame":7,"values":[-1,0,0,0,0,-1,0,0,0,0,-1,0,-1.2103,-4.2955,-1.2099,1]},
{"frame":8,"values":[-1,0,0,0,0,-1,0,0,0,0,-1,0,-1.2103,-4.4022,-1.724,1]},
{"frame":9,"values":[-1,0,0,0,0,-1,0,0,0,0,-1,0,-1.2103,-4.4679,-2.0403,1]},
{"frame":10,"values":[-1,0,0,0,0,-1,0,0,0,0,-1,0,-1.2103,-4.4897,-2.1454,1]},
{"frame":11,"values":[-1,0,0,0,0,-1,0,0,0,0,-1,0,-1.2103,-4.4679,-2.0403,1]},
{"frame":12,"values":[-1,0,0,0,0,-1,0,0,0,0,-1,0,-1.2103,-4.4022,-1.724,1]},
{"frame":13,"values":[-1,0,0,0,0,-1,0,0,0,0,-1,0,-1.2103,-4.2955,-1.2099,1]},
{"frame":14,"values":[-1,0,0,0,0,-1,0,0,0,0,-1,0,-1.2103,-4.1559,-0.5373,1]},
{"frame":15,"values":[-1,0,0,0,0,-1,0,0,0,0,-1,0,-1.2103,-3.9977,0.2245,1]},
{"frame":16,"values":[-1,0,0,0,0,-1,0,0,0,0,-1,0,-1.2103,-3.8395,0.9864,1]},
{"frame":17,"values":[-1,0,0,0,0,-1,0,0,0,0,-1,0,-1.2103,-3.6998,1.6589,1]},
{"frame":18,"values":[-1,0,0,0,0,-1,0,0,0,0,-1,0,-1.2103,-3.5931,2.1731,1]},
{"frame":19,"values":[-1,0,0,0,0,-1,0,0,0,0,-1,0,-1.2103,-3.5274,2.4894,1]},
{"frame":20,"values":[-1,0,0,0,0,-1,0,0,0,0,-1,0,-1.2103,-3.5056,2.5944,1]},
{"frame":21,"values":[-1,0,0,0,0,-1,0,0,0,0,-1,0,-1.2103,-3.5443,2.537,1]},
{"frame":22,"values":[-1,0,0,0,0,-1,0,0,0,0,-1,0,-1.2103,-3.6609,2.3641,1]},
{"frame":23,"values":[-1,0,0,0,0,-1,0,0,0,0,-1,0,-1.2103,-3.8505,2.0831,1]},
{"frame":24,"values":[-1,0,0,0,0,-1,0,0,0,0,-1,0,-1.2103,-4.0984,1.7155,1]},
{"frame":25,"values":[-1,0,0,0,0,-1,0,0,0,0,-1,0,-1.2103,-4.3793,1.299,1]},
{"frame":26,"values":[-1,0,0,0,0,-1,0,0,0,0,-1,0,-1.2103,-4.6601,0.8826,1]},
{"frame":27,"values":[-1,0,0,0,0,-1,0,0,0,0,-1,0,-1.2103,-4.908,0.515,1]},
{"frame":28,"values":[-1,0,0,0,0,-1,0,0,0,0,-1,0,-1.2103,-5.0976,0.2339,1]},
{"frame":29,"values":[-1,0,0,0,0,-1,0,0,0,0,-1,0,-1.2103,-5.2142,0.0611,1]},
{"frame":30,"values":[-1,0,0,0,0,-1,0,0,0,0,-1,0,-1.2103,-5.2529,0.0036,1]},
{"frame":61,"values":[-1,0,0,0,0,-1,0,0,0,0,-1,0,-1.1924,-5.1192,0.0609,1]},
{"frame":62,"values":[-1,0,0,0,0,-1,0,0,0,0,-1,0,-1.1393,-4.7236,0.2304,1]},
{"frame":63,"values":[-1,0,0,0,0,-1,0,0,0,0,-1,0,-1.0585,-4.1208,0.4886,1]},
{"frame":64,"values":[-1,0,0,0,0,-1,0,0,0,0,-1,0,-0.9668,-3.4371,0.7814,1]},
{"frame":65,"values":[-1,0,0,0,0,-1,0,0,0,0,-1,0,-0.886,-2.8343,1.0396,1]},
{"frame":66,"values":[-1,0,0,0,0,-1,0,0,0,0,-1,0,-0.833,-2.4387,1.2091,1]},
{"frame":67,"values":[-1,0,0,0,0,-1,0,0,0,0,-1,0,-0.815,-2.3049,1.2664,1]},
{"frame":68,"values":[-1,0,0,0,0,-1,0,0,0,0,-1,0,-0.815,-2.3213,1.2098,1]},
{"frame":69,"values":[-1,0,0,0,0,-1,0,0,0,0,-1,0,-0.815,-2.3716,1.0389,1]},
{"frame":70,"values":[-1,0,0,0,0,-1,0,0,0,0,-1,0,-0.815,-2.4563,0.7559,1]},
{"frame":71,"values":[-1,0,0,0,0,-1,0,0,0,0,-1,0,-0.815,-2.5745,0.3705,1]},
{"frame":72,"values":[-1,0,0,0,0,-1,0,0,0,0,-1,0,-0.815,-2.7227,-0.0987,1]},
{"frame":73,"values":[-1,0,0,0,0,-1,0,0,0,0,-1,0,-0.815,-2.8947,-0.6231,1]},
{"frame":74,"values":[-1,0,0,0,0,-1,0,0,0,0,-1,0,-0.815,-3.082,-1.167,1]},
{"frame":75,"values":[-1,0,0,0,0,-1,0,0,0,0,-1,0,-0.815,-3.2746,-1.6914,1]},
{"frame":76,"values":[-1,0,0,0,0,-1,0,0,0,0,-1,0,-0.815,-3.4628,-2.1606,1]},
{"frame":77,"values":[-1,0,0,0,0,-1,0,0,0,0,-1,0,-0.815,-3.6383,-2.546,1]},
{"frame":78,"values":[-1,0,0,0,0,-1,0,0,0,0,-1,0,-0.815,-3.795,-2.829,1]},
{"frame":79,"values":[-1,0,0,0,0,-1,0,0,0,0,-1,0,-0.815,-3.929,-2.9999,1]},
{"frame":80,"values":[-1,0,0,0,0,-1,0,0,0,0,-1,0,-0.815,-4.0385,-3.0565,1]},
{"frame":81,"values":[-1,0,0,0,0,-1,0,0,0,0,-1,0,-0.8172,-4.1356,-3.0396,1]},
{"frame":82,"values":[-1,0,0,0,0,-1,0,0,0,0,-1,0,-0.8238,-4.2327,-2.9887,1]},
{"frame":83,"values":[-1,0,0,0,0,-1,0,0,0,0,-1,0,-0.8348,-4.3293,-2.9034,1]},
{"frame":84,"values":[-1,0,0,0,0,-1,0,0,0,0,-1,0,-0.8502,-4.4247,-2.7845,1]},
{"frame":85,"values":[-1,0,0,0,0,-1,0,0,0,0,-1,0,-0.8697,-4.5183,-2.6333,1]},
{"frame":86,"values":[-1,0,0,0,0,-1,0,0,0,0,-1,0,-0.893,-4.6093,-2.4525,1]},
{"frame":87,"values":[-1,0,0,0,0,-1,0,0,0,0,-1,0,-0.9197,-4.6969,-2.2458,1]},
{"frame":88,"values":[-1,0,0,0,0,-1,0,0,0,0,-1,0,-0.9491,-4.7801,-2.0183,1]},
{"frame":89,"values":[-1,0,0,0,0,-1,0,0,0,0,-1,0,-0.9804,-4.858,-1.7762,1]},
{"frame":90,"values":[-1,0,0,0,0,-1,0,0,0,0,-1,0,-1.0127,-4.9298,-1.5264,1]},
{"frame":91,"values":[-1,0,0,0,0,-1,0,0,0,0,-1,0,-1.0449,-4.9949,-1.2767,1]},
{"frame":92,"values":[-1,0,0,0,0,-1,0,0,0,0,-1,0,-1.0762,-5.0526,-1.0346,1]},
{"frame":93,"values":[-1,0,0,0,0,-1,0,0,0,0,-1,0,-1.1056,-5.1028,-0.807,1]},
{"frame":94,"values":[-1,0,0,0,0,-1,0,0,0,0,-1,0,-1.1323,-5.1452,-0.6004,1]},
{"frame":95,"values":[-1,0,0,0,0,-1,0,0,0,0,-1,0,-1.1556,-5.1801,-0.4195,1]},
{"frame":96,"values":[-1,0,0,0,0,-1,0,0,0,0,-1,0,-1.1752,-5.2076,-0.2684,1]},
{"frame":97,"values":[-1,0,0,0,0,-1,0,0,0,0,-1,0,-1.1905,-5.2282,-0.1495,1]},
{"frame":98,"values":[-1,0,0,0,0,-1,0,0,0,0,-1,0,-1.2015,-5.2423,-0.0642,1]},
{"frame":99,"values":[-1,0,0,0,0,-1,0,0,0,0,-1,0,-1.2081,-5.2503,-0.0132,1]},
{"frame":100,"values":[-1,0,0,0,0,-1,0,0,0,0,-1,0,-1.2103,-5.2529,0.0036,1]},
{"frame":141,"values":[-1,0,0,0,0,-1,0,0,0,0,-1,0,-1.2103,-5.2465,-0.0128,1]},
{"frame":142,"values":[-1,0,0,0,0,-1,0,0,0,0,-1,0,-1.2103,-5.227,-0.0625,1]},
{"frame":143,"values":[-1,0,0,0,0,-1,0,0,0,0,-1,0,-1.2103,-5.1944,-0.1455,1]},
{"frame":144,"values":[-1,0,0,0,0,-1,0,0,0,0,-1,0,-1.2103,-5.1489,-0.2613,1]},
{"frame":145,"values":[-1,0,0,0,0,-1,0,0,0,0,-1,0,-1.2103,-5.0911,-0.4086,1]},
{"frame":146,"values":[-1,0,0,0,0,-1,0,0,0,0,-1,0,-1.2103,-5.0219,-0.5847,1]},
{"frame":147,"values":[-1,0,0,0,0,-1,0,0,0,0,-1,0,-1.2103,-4.9429,-0.786,1]},
{"frame":148,"values":[-1,0,0,0,0,-1,0,0,0,0,-1,0,-1.2103,-4.8559,-1.0076,1]},
{"frame":149,"values":[-1,0,0,0,0,-1,0,0,0,0,-1,0,-1.2103,-4.7633,-1.2435,1]},
{"frame":150,"values":[-1,0,0,0,0,-1,0,0,0,0,-1,0,-1.2103,-4.6678,-1.4867,1]},
{"frame":151,"values":[-1,0,0,0,0,-1,0,0,0,0,-1,0,-1.2103,-4.5722,-1.7299,1]},
{"frame":152,"values":[-1,0,0,0,0,-1,0,0,0,0,-1,0,-1.2103,-4.4796,-1.9658,1]},
{"frame":153,"values":[-1,0,0,0,0,-1,0,0,0,0,-1,0,-1.2103,-4.3926,-2.1874,1]},
{"frame":154,"values":[-1,0,0,0,0,-1,0,0,0,0,-1,0,-1.2103,-4.3136,-2.3887,1]},
{"frame":155,"values":[-1,0,0,0,0,-1,0,0,0,0,-1,0,-1.2103,-4.2444,-2.5648,1]},
{"frame":156,"values":[-1,0,0,0,0,-1,0,0,0,0,-1,0,-1.2103,-4.1866,-2.7121,1]},
{"frame":157,"values":[-1,0,0,0,0,-1,0,0,0,0,-1,0,-1.2103,-4.1411,-2.8279,1]},
{"frame":158,"values":[-1,0,0,0,0,-1,0,0,0,0,-1,0,-1.2103,-4.1085,-2.9109,1]},
{"frame":159,"values":[-1,0,0,0,0,-1,0,0,0,0,-1,0,-1.2103,-4.089,-2.9606,1]},
{"frame":160,"values":[-1,0,0,0,0,-1,0,0,0,0,-1,0,-1.2103,-4.0826,-2.977,1]},
{"frame":161,"values":[-1,0,0,0,0,-1,0,0,0,0,-1,0,-1.2103,-4.089,-2.9664,1]},
{"frame":162,"values":[-1,0,0,0,0,-1,0,0,0,0,-1,0,-1.2103,-4.1085,-2.934,1]},
{"frame":163,"values":[-1,0,0,0,0,-1,0,0,0,0,-1,0,-1.2103,-4.1411,-2.879,1]},
{"frame":164,"values":[-1,0,0,0,0,-1,0,0,0,0,-1,0,-1.2103,-4.1866,-2.8009,1]},
{"frame":165,"values":[-1,0,0,0,0,-1,0,0,0,0,-1,0,-1.2103,-4.2444,-2.6997,1]},
{"frame":166,"values":[-1,0,0,0,0,-1,0,0,0,0,-1,0,-1.2103,-4.3136,-2.5759,1]},
{"frame":167,"values":[-1,0,0,0,0,-1,0,0,0,0,-1,0,-1.2103,-4.3926,-2.4307,1]},
{"frame":168,"values":[-1,0,0,0,0,-1,0,0,0,0,-1,0,-1.2103,-4.4796,-2.266,1]},
{"frame":169,"values":[-1,0,0,0,0,-1,0,0,0,0,-1,0,-1.2103,-4.5722,-2.0845,1]},
{"frame":170,"values":[-1,0,0,0,0,-1,0,0,0,0,-1,0,-1.2103,-4.6678,-1.8896,1]},
{"frame":171,"values":[-1,0,0,0,0,-1,0,0,0,0,-1,0,-1.2103,-4.7633,-1.6851,1]},
{"frame":172,"values":[-1,0,0,0,0,-1,0,0,0,0,-1,0,-1.2103,-4.8559,-1.475,1]},
{"frame":173,"values":[-1,0,0,0,0,-1,0,0,0,0,-1,0,-1.2103,-4.9429,-1.2635,1]},
{"frame":174,"values":[-1,0,0,0,0,-1,0,0,0,0,-1,0,-1.2103,-5.0219,-1.0543,1]},
{"frame":175,"values":[-1,0,0,0,0,-1,0,0,0,0,-1,0,-1.2103,-5.0911,-0.8509,1]},
{"frame":176,"values":[-1,0,0,0,0,-1,0,0,0,0,-1,0,-1.2103,-5.1489,-0.6559,1]},
{"frame":177,"values":[-1,0,0,0,0,-1,0,0,0,0,-1,0,-1.2103,-5.1944,-0.4717,1]},
{"frame":178,"values":[-1,0,0,0,0,-1,0,0,0,0,-1,0,-1.2103,-5.227,-0.2997,1]},
{"frame":179,"values":[-1,0,0,0,0,-1,0,0,0,0,-1,0,-1.2103,-5.2465,-0.1411,1]},
{"frame":180,"values":[-1,0,0,0,0,-1,0,0,0,0,-1,0,-1.2103,-5.2529,0.0036,1]},
{"frame":181,"values":[-1,0,0,0,0,-1,0,0,0,0,-1,0,-1.2103,-5.2464,0.1458,1]},
{"frame":182,"values":[-1,0,0,0,0,-1,0,0,0,0,-1,0,-1.2103,-5.2266,0.2968,1]},
{"frame":183,"values":[-1,0,0,0,0,-1,0,0,0,0,-1,0,-1.2103,-5.1934,0.4561,1]},
{"frame":184,"values":[-1,0,0,0,0,-1,0,0,0,0,-1,0,-1.2103,-5.1473,0.6225,1]},
{"frame":185,"values":[-1,0,0,0,0,-1,0,0,0,0,-1,0,-1.2103,-5.0885,0.7949,1]},
{"frame":186,"values":[-1,0,0,0,0,-1,0,0,0,0,-1,0,-1.2103,-5.0183,0.9713,1]},
{"frame":187,"values":[-1,0,0,0,0,-1,0,0,0,0,-1,0,-1.2103,-4.938,1.1496,1]},
{"frame":188,"values":[-1,0,0,0,0,-1,0,0,0,0,-1,0,-1.2103,-4.8497,1.3271,1]},
{"frame":189,"values":[-1,0,0,0,0,-1,0,0,0,0,-1,0,-1.2103,-4.7556,1.501,1]},
{"frame":190,"values":[-1,0,0,0,0,-1,0,0,0,0,-1,0,-1.2103,-4.6586,1.6683,1]},
{"frame":191,"values":[-1,0,0,0,0,-1,0,0,0,0,-1,0,-1.2103,-4.5616,1.8259,1]},
{"frame":192,"values":[-1,0,0,0,0,-1,0,0,0,0,-1,0,-1.2103,-4.4676,1.9712,1]},
{"frame":193,"values":[-1,0,0,0,0,-1,0,0,0,0,-1,0,-1.2103,-4.3792,2.1019,1]},
{"frame":194,"values":[-1,0,0,0,0,-1,0,0,0,0,-1,0,-1.2103,-4.2989,2.2162,1]},
{"frame":195,"values":[-1,0,0,0,0,-1,0,0,0,0,-1,0,-1.2103,-4.2287,2.313,1]},
{"frame":196,"values":[-1,0,0,0,0,-1,0,0,0,0,-1,0,-1.2103,-4.17,2.3916,1]},
{"frame":197,"values":[-1,0,0,0,0,-1,0,0,0,0,-1,0,-1.2103,-4.1238,2.4519,1]},
{"frame":198,"values":[-1,0,0,0,0,-1,0,0,0,0,-1,0,-1.2103,-4.0907,2.4942,1]},
{"frame":199,"values":[-1,0,0,0,0,-1,0,0,0,0,-1,0,-1.2103,-4.0709,2.519,1]},
{"frame":200,"values":[-1,0,0,0,0,-1,0,0,0,0,-1,0,-1.2103,-4.0643,2.5271,1]},
{"frame":201,"values":[-1,0,0,0,0,-1,0,0,0,0,-1,0,-1.2103,-4.0907,2.4712,1]},
{"frame":202,"values":[-1,0,0,0,0,-1,0,0,0,0,-1,0,-1.2103,-4.17,2.3028,1]},
{"frame":203,"values":[-1,0,0,0,0,-1,0,0,0,0,-1,0,-1.2103,-4.2989,2.029,1]},
{"frame":204,"values":[-1,0,0,0,0,-1,0,0,0,0,-1,0,-1.2103,-4.4676,1.671,1]},
{"frame":205,"values":[-1,0,0,0,0,-1,0,0,0,0,-1,0,-1.2103,-4.6586,1.2654,1]},
{"frame":206,"values":[-1,0,0,0,0,-1,0,0,0,0,-1,0,-1.2103,-4.8497,0.8597,1]},
{"frame":207,"values":[-1,0,0,0,0,-1,0,0,0,0,-1,0,-1.2103,-5.0183,0.5017,1]},
{"frame":208,"values":[-1,0,0,0,0,-1,0,0,0,0,-1,0,-1.2103,-5.1473,0.2279,1]},
{"frame":209,"values":[-1,0,0,0,0,-1,0,0,0,0,-1,0,-1.2103,-5.2266,0.0596,1]},
{"frame":210,"values":[-1,0,0,0,0,-1,0,0,0,0,-1,0,-1.2103,-5.2529,0.0036,1]},
{"frame":211,"values":[-1,0,0,0,0,-1,0,0,0,0,-1,0,-1.2103,-5.2483,0.0354,1]},
{"frame":212,"values":[-1,0,0,0,0,-1,0,0,0,0,-1,0,-1.2103,-5.232,0.1333,1]},
{"frame":213,"values":[-1,0,0,0,0,-1,0,0,0,0,-1,0,-1.2103,-5.2002,0.2976,1]},
{"frame":214,"values":[-1,0,0,0,0,-1,0,0,0,0,-1,0,-1.2103,-5.1488,0.5221,1]},
{"frame":215,"values":[-1,0,0,0,0,-1,0,0,0,0,-1,0,-1.2103,-5.0748,0.7918,1]},
{"frame":216,"values":[-1,0,0,0,0,-1,0,0,0,0,-1,0,-1.2103,-4.977,1.0848,1]},
{"frame":217,"values":[-1,0,0,0,0,-1,0,0,0,0,-1,0,-1.2103,-4.8564,1.3766,1]},
{"frame":218,"values":[-1,0,0,0,0,-1,0,0,0,0,-1,0,-1.2103,-4.7163,1.6464,1]},
{"frame":219,"values":[-1,0,0,0,0,-1,0,0,0,0,-1,0,-1.2103,-4.5607,1.8799,1]},
{"frame":220,"values":[-1,0,0,0,0,-1,0,0,0,0,-1,0,-1.2103,-4.3935,2.0699,1]},
{"frame":221,"values":[-1,0,0,0,0,-1,0,0,0,0,-1,0,-1.2103,-4.1881,2.2426,1]},
{"frame":222,"values":[-1,0,0,0,0,-1,0,0,0,0,-1,0,-1.2103,-3.9178,2.4236,1]},
{"frame":223,"values":[-1,0,0,0,0,-1,0,0,0,0,-1,0,-1.2103,-3.5912,2.6081,1]},
{"frame":224,"values":[-1,0,0,0,0,-1,0,0,0,0,-1,0,-1.2103,-3.2268,2.7884,1]},
{"frame":225,"values":[-1,0,0,0,0,-1,0,0,0,0,-1,0,-1.2103,-2.8526,2.9549,1]},
{"frame":226,"values":[-1,0,0,0,0,-1,0,0,0,0,-1,0,-1.2103,-2.5023,3.0982,1]},
{"frame":227,"values":[-1,0,0,0,0,-1,0,0,0,0,-1,0,-1.2103,-2.2071,3.2111,1]},
{"frame":228,"values":[-1,0,0,0,0,-1,0,0,0,0,-1,0,-1.2103,-1.9888,3.2902,1]},
{"frame":229,"values":[-1,0,0,0,0,-1,0,0,0,0,-1,0,-1.2103,-1.8579,3.3356,1]},
{"frame":230,"values":[-1,0,0,0,0,-1,0,0,0,0,-1,0,-1.2103,-1.8151,3.35,1]}],"loopBehavior":1,"name":"anim","property":"_matrix"}},
{"name":"Bone","index":2,"matrix":[-1,0,0,0,0,0,-1,0,0,1,0,0,0,-0.0036,1.0036,1],"rest":[-1,0,0,0,0,0,-1,0,0,1,0,0,0,-0.0036,1.0036,1],"parentBoneIndex":-1,"length":1
,"animation":{"dataType":3,"framePerSecond":24,"keys":[
{"frame":0,"values":[-1,0,0,0,0,0,-1,0,0,1,0,0,0,-0.0036,1.0036,1]},
{"frame":101,"values":[-1,0,0,0,0,0,-1,0,0,1,0,0,0,-0.0344,0.9989,1]},
{"frame":102,"values":[-1,0,0,0,0,0,-1,0,0,1,0,0,0,-0.1269,0.9847,1]},
{"frame":103,"values":[-1,0,0,0,0,0,-1,0,0,1,0,0,0,-0.2773,0.9615,1]},
{"frame":104,"values":[-1,0,0,0,0,0,-1,0,0,1,0,0,0,-0.4741,0.9312,1]},
{"frame":105,"values":[-1,0,0,0,0,0,-1,0,0,1,0,0,0,-0.697,0.8969,1]},
{"frame":106,"values":[-1,0,0,0,0,0,-1,0,0,1,0,0,0,-0.9199,0.8627,1]},
{"frame":107,"values":[-1,0,0,0,0,0,-1,0,0,1,0,0,0,-1.1166,0.8324,1]},
{"frame":108,"values":[-1,0,0,0,0,0,-1,0,0,1,0,0,0,-1.2671,0.8092,1]},
{"frame":109,"values":[-1,0,0,0,0,0,-1,0,0,1,0,0,0,-1.3596,0.795,1]},
{"frame":110,"values":[-1,0,0,0,0,0,-1,0,0,1,0,0,0,-1.3903,0.7903,1]},
{"frame":111,"values":[-1,0,0,0,0,0,-1,0,0,1,0,0,0,-1.3528,0.7967,1]},
{"frame":112,"values":[-1,0,0,0,0,0,-1,0,0,1,0,0,0,-1.24,0.816,1]},
{"frame":113,"values":[-1,0,0,0,0,0,-1,0,0,1,0,0,0,-1.0565,0.8474,1]},
{"frame":114,"values":[-1,0,0,0,0,0,-1,0,0,1,0,0,0,-0.8165,0.8885,1]},
{"frame":115,"values":[-1,0,0,0,0,0,-1,0,0,1,0,0,0,-0.5446,0.935,1]},
{"frame":116,"values":[-1,0,0,0,0,0,-1,0,0,1,0,0,0,-0.2727,0.9816,1]},
{"frame":117,"values":[-1,0,0,0,0,0,-1,0,0,1,0,0,0,-0.0327,1.0227,1]},
{"frame":118,"values":[-1,0,0,0,0,0,-1,0,0,1,0,0,0,0.1508,1.0541,1]},
{"frame":119,"values":[-1,0,0,0,0,0,-1,0,0,1,0,0,0,0.2637,1.0734,1]},
{"frame":120,"values":[-1,0,0,0,0,0,-1,0,0,1,0,0,0,0.3012,1.0798,1]},
{"frame":121,"values":[-1,0,0,0,0,0,-1,0,0,1,0,0,0,0.2995,1.0794,1]},
{"frame":122,"values":[-1,0,0,0,0,0,-1,0,0,1,0,0,0,0.2944,1.0781,1]},
{"frame":123,"values":[-1,0,0,0,0,0,-1,0,0,1,0,0,0,0.2859,1.076,1]},
{"frame":124,"values":[-1,0,0,0,0,0,-1,0,0,1,0,0,0,0.2741,1.073,1]},
{"frame":125,"values":[-1,0,0,0,0,0,-1,0,0,1,0,0,0,0.259,1.0693,1]},
{"frame":126,"values":[-1,0,0,0,0,0,-1,0,0,1,0,0,0,0.241,1.0648,1]},
{"frame":127,"values":[-1,0,0,0,0,0,-1,0,0,1,0,0,0,0.2204,1.0596,1]},
{"frame":128,"values":[-1,0,0,0,0,0,-1,0,0,1,0,0,0,0.1978,1.054,1]},
{"frame":129,"values":[-1,0,0,0,0,0,-1,0,0,1,0,0,0,0.1736,1.0479,1]},
{"frame":130,"values":[-1,0,0,0,0,0,-1,0,0,1,0,0,0,0.1488,1.0417,1]},
{"frame":131,"values":[-1,0,0,0,0,0,-1,0,0,1,0,0,0,0.1239,1.0355,1]},
{"frame":132,"values":[-1,0,0,0,0,0,-1,0,0,1,0,0,0,0.0998,1.0295,1]},
{"frame":133,"values":[-1,0,0,0,0,0,-1,0,0,1,0,0,0,0.0771,1.0238,1]},
{"frame":134,"values":[-1,0,0,0,0,0,-1,0,0,1,0,0,0,0.0565,1.0187,1]},
{"frame":135,"values":[-1,0,0,0,0,0,-1,0,0,1,0,0,0,0.0385,1.0142,1]},
{"frame":136,"values":[-1,0,0,0,0,0,-1,0,0,1,0,0,0,0.0235,1.0104,1]},
{"frame":137,"values":[-1,0,0,0,0,0,-1,0,0,1,0,0,0,0.0116,1.0074,1]},
{"frame":138,"values":[-1,0,0,0,0,0,-1,0,0,1,0,0,0,0.0031,1.0053,1]},
{"frame":139,"values":[-1,0,0,0,0,0,-1,0,0,1,0,0,0,-0.0019,1.004,1]},
{"frame":140,"values":[-1,0,0,0,0,0,-1,0,0,1,0,0,0,-0.0036,1.0036,1]},
{"frame":230,"values":[-1,0,0,0,0,0,-1,0,0,1,0,0,0,-0.0036,1.0036,1]}],"loopBehavior":1,"name":"anim","property":"_matrix"}},
{"name":"Bone.001","index":3,"matrix":[1,0,0,0,0,0,1,0,0,-1,0,0,0,1,0,1],"rest":[1,0,0,0,0,0,1,0,0,-1,0,0,0,1,0,1],"parentBoneIndex":2,"length":0.8189
,"animation":{"dataType":3,"framePerSecond":24,"keys":[
{"frame":0,"values":[1,0,0,0,0,0,1,0,0,-1,0,0,0,1,0,1]},
{"frame":221,"values":[1,0,0,0,0,-0.0034,1,0,0,-1,-0.0034,0,0,1,0,1]},
{"frame":222,"values":[1,0,0,0,0,-0.0137,0.9999,0,0,-0.9999,-0.0137,0,0,1,0,1]},
{"frame":223,"values":[1,0,0,0,0,-0.0305,0.9995,0,0,-0.9995,-0.0305,0,0,1,0,1]},
{"frame":224,"values":[1,0,0,0,0,-0.0524,0.9986,0,0,-0.9986,-0.0524,0,0,1,0,1]},
{"frame":225,"values":[1,0,0,0,0,-0.0772,0.997,0,0,-0.997,-0.0772,0,0,1,0,1]},
{"frame":226,"values":[1,0,0,0,0,-0.102,0.9948,0,0,-0.9948,-0.102,0,0,1,0,1]},
{"frame":227,"values":[1,0,0,0,0,-0.1238,0.9923,0,0,-0.9923,-0.1238,0,0,1,0,1]},
{"frame":228,"values":[1,0,0,0,0,-0.1404,0.9901,0,0,-0.9901,-0.1404,0,0,1,0,1]},
{"frame":229,"values":[1,0,0,0,0,-0.1506,0.9886,0,0,-0.9886,-0.1506,0,0,1,0,1]},
{"frame":230,"values":[1,0,0,0,0,-0.154,0.9881,0,0,-0.9881,-0.154,0,0,1,0,1]}],"loopBehavior":1,"name":"anim","property":"_matrix"}},
{"name":"Bone.002","index":4,"matrix":[1,0,0,0,0,1,0,0,0,0,1,0,0,0.8189,0,1],"rest":[1,0,0,0,0,1,0,0,0,0,1,0,0,0.8189,0,1],"parentBoneIndex":3,"length":0.9693
,"animation":{"dataType":3,"framePerSecond":24,"keys":[
{"frame":0,"values":[1,0,0,0,0,1,0,0,0,0,1,0,0,0.8189,0,1]},
{"frame":111,"values":[1,0,0,0,0,1,-0.0097,0,0,0.0097,1,0,0,0.8189,0,1]},
{"frame":112,"values":[1,0,0,0,0,0.9992,-0.0391,0,0,0.0391,0.9992,0,0,0.8189,0,1]},
{"frame":113,"values":[1,0,0,0,0,0.9962,-0.0869,0,0,0.0869,0.9962,0,0,0.8189,0,1]},
{"frame":114,"values":[1,0,0,0,0,0.9888,-0.1493,0,0,0.1493,0.9888,0,0,0.8189,0,1]},
{"frame":115,"values":[1,0,0,0,0,0.9756,-0.2194,0,0,0.2194,0.9756,0,0,0.8189,0,1]},
{"frame":116,"values":[1,0,0,0,0,0.9575,-0.2885,0,0,0.2885,0.9575,0,0,0.8189,0,1]},
{"frame":117,"values":[1,0,0,0,0,0.9375,-0.3481,0,0,0.3481,0.9375,0,0,0.8189,0,1]},
{"frame":118,"values":[1,0,0,0,0,0.9197,-0.3925,0,0,0.3925,0.9197,0,0,0.8189,0,1]},
{"frame":119,"values":[1,0,0,0,0,0.9078,-0.4194,0,0,0.4194,0.9078,0,0,0.8189,0,1]},
{"frame":120,"values":[1,0,0,0,0,0.9037,-0.4282,0,0,0.4282,0.9037,0,0,0.8189,0,1]},
{"frame":121,"values":[1,0,0,0,0,0.9047,-0.426,0,0,0.426,0.9047,0,0,0.8189,0,1]},
{"frame":122,"values":[1,0,0,0,0,0.9078,-0.4194,0,0,0.4194,0.9078,0,0,0.8189,0,1]},
{"frame":123,"values":[1,0,0,0,0,0.9129,-0.4082,0,0,0.4082,0.9129,0,0,0.8189,0,1]},
{"frame":124,"values":[1,0,0,0,0,0.9197,-0.3925,0,0,0.3925,0.9197,0,0,0.8189,0,1]},
{"frame":125,"values":[1,0,0,0,0,0.9281,-0.3724,0,0,0.3724,0.9281,0,0,0.8189,0,1]},
{"frame":126,"values":[1,0,0,0,0,0.9375,-0.3481,0,0,0.3481,0.9375,0,0,0.8189,0,1]},
{"frame":127,"values":[1,0,0,0,0,0.9475,-0.3199,0,0,0.3199,0.9475,0,0,0.8189,0,1]},
{"frame":128,"values":[1,0,0,0,0,0.9575,-0.2885,0,0,0.2885,0.9575,0,0,0.8189,0,1]},
{"frame":129,"values":[1,0,0,0,0,0.967,-0.2547,0,0,0.2547,0.967,0,0,0.8189,0,1]},
{"frame":130,"values":[1,0,0,0,0,0.9756,-0.2194,0,0,0.2194,0.9756,0,0,0.8189,0,1]},
{"frame":131,"values":[1,0,0,0,0,0.9829,-0.1839,0,0,0.1839,0.9829,0,0,0.8189,0,1]},
{"frame":132,"values":[1,0,0,0,0,0.9888,-0.1493,0,0,0.1493,0.9888,0,0,0.8189,0,1]},
{"frame":133,"values":[1,0,0,0,0,0.9932,-0.1166,0,0,0.1166,0.9932,0,0,0.8189,0,1]},
{"frame":134,"values":[1,0,0,0,0,0.9962,-0.0869,0,0,0.0869,0.9962,0,0,0.8189,0,1]},
{"frame":135,"values":[1,0,0,0,0,0.9981,-0.0608,0,0,0.0608,0.9981,0,0,0.8189,0,1]},
{"frame":136,"values":[1,0,0,0,0,0.9992,-0.0391,0,0,0.0391,0.9992,0,0,0.8189,0,1]},
{"frame":137,"values":[1,0,0,0,0,0.9998,-0.022,0,0,0.022,0.9998,0,0,0.8189,0,1]},
{"frame":138,"values":[1,0,0,0,0,1,-0.0097,0,0,0.0097,1,0,0,0.8189,0,1]},
{"frame":139,"values":[1,0,0,0,0,1,-0.0024,0,0,0.0024,1,0,0,0.8189,0,1]},
{"frame":140,"values":[1,0,0,0,0,1,0,0,0,0,1,0,0,0.8189,0,1]},
{"frame":221,"values":[1,0,0,0,0,1,0.0074,0,0,-0.0074,1,0,0,0.8189,0,1]},
{"frame":222,"values":[1,0,0,0,0,0.9996,0.0296,0,0,-0.0296,0.9996,0,0,0.8189,0,1]},
{"frame":223,"values":[1,0,0,0,0,0.9978,0.0658,0,0,-0.0658,0.9978,0,0,0.8189,0,1]},
{"frame":224,"values":[1,0,0,0,0,0.9936,0.113,0,0,-0.113,0.9936,0,0,0.8189,0,1]},
{"frame":225,"values":[1,0,0,0,0,0.9861,0.1663,0,0,-0.1663,0.9861,0,0,0.8189,0,1]},
{"frame":226,"values":[1,0,0,0,0,0.9757,0.2191,0,0,-0.2191,0.9757,0,0,0.8189,0,1]},
{"frame":227,"values":[1,0,0,0,0,0.9642,0.2652,0,0,-0.2652,0.9642,0,0,0.8189,0,1]},
{"frame":228,"values":[1,0,0,0,0,0.954,0.2999,0,0,-0.2999,0.954,0,0,0.8189,0,1]},
{"frame":229,"values":[1,0,0,0,0,0.9471,0.321,0,0,-0.321,0.9471,0,0,0.8189,0,1]},
{"frame":230,"values":[1,0,0,0,0,0.9447,0.328,0,0,-0.328,0.9447,0,0,0.8189,0,1]}],"loopBehavior":1,"name":"anim","property":"_matrix"}},
{"name":"Bone.003","index":5,"matrix":[1,0,0,0,0,1,0,0,0,0,1,0,0,0.9693,0,1],"rest":[1,0,0,0,0,1,0,0,0,0,1,0,0,0.9693,0,1],"parentBoneIndex":4,"length":0.7397
,"animation":{"dataType":3,"framePerSecond":24,"keys":[
{"frame":0,"values":[1,0,0,0,0,1,0,0,0,0,1,0,0,0.9693,0,1]},
{"frame":111,"values":[1,0,0,0,0,1,-0.0067,0,0,0.0067,1,0,0,0.9693,0,1]},
{"frame":112,"values":[1,0,0,0,0,0.9996,-0.0271,0,0,0.0271,0.9996,0,0,0.9693,0,1]},
{"frame":113,"values":[1,0,0,0,0,0.9982,-0.0601,0,0,0.0601,0.9982,0,0,0.9693,0,1]},
{"frame":114,"values":[1,0,0,0,0,0.9946,-0.1033,0,0,0.1033,0.9946,0,0,0.9693,0,1]},
{"frame":115,"values":[1,0,0,0,0,0.9884,-0.1521,0,0,0.1521,0.9884,0,0,0.9693,0,1]},
{"frame":116,"values":[1,0,0,0,0,0.9797,-0.2004,0,0,0.2004,0.9797,0,0,0.9693,0,1]},
{"frame":117,"values":[1,0,0,0,0,0.9701,-0.2427,0,0,0.2427,0.9701,0,0,0.9693,0,1]},
{"frame":118,"values":[1,0,0,0,0,0.9615,-0.2747,0,0,0.2747,0.9615,0,0,0.9693,0,1]},
{"frame":119,"values":[1,0,0,0,0,0.9558,-0.2942,0,0,0.2942,0.9558,0,0,0.9693,0,1]},
{"frame":120,"values":[1,0,0,0,0,0.9538,-0.3006,0,0,0.3006,0.9538,0,0,0.9693,0,1]},
{"frame":121,"values":[1,0,0,0,0,0.9543,-0.299,0,0,0.299,0.9543,0,0,0.9693,0,1]},
{"frame":122,"values":[1,0,0,0,0,0.9558,-0.2942,0,0,0.2942,0.9558,0,0,0.9693,0,1]},
{"frame":123,"values":[1,0,0,0,0,0.9582,-0.286,0,0,0.286,0.9582,0,0,0.9693,0,1]},
{"frame":124,"values":[1,0,0,0,0,0.9615,-0.2747,0,0,0.2747,0.9615,0,0,0.9693,0,1]},
{"frame":125,"values":[1,0,0,0,0,0.9656,-0.2602,0,0,0.2602,0.9656,0,0,0.9693,0,1]},
{"frame":126,"values":[1,0,0,0,0,0.9701,-0.2427,0,0,0.2427,0.9701,0,0,0.9693,0,1]},
{"frame":127,"values":[1,0,0,0,0,0.9749,-0.2227,0,0,0.2227,0.9749,0,0,0.9693,0,1]},
{"frame":128,"values":[1,0,0,0,0,0.9797,-0.2004,0,0,0.2004,0.9797,0,0,0.9693,0,1]},
{"frame":129,"values":[1,0,0,0,0,0.9843,-0.1767,0,0,0.1767,0.9843,0,0,0.9693,0,1]},
{"frame":130,"values":[1,0,0,0,0,0.9884,-0.1521,0,0,0.1521,0.9884,0,0,0.9693,0,1]},
{"frame":131,"values":[1,0,0,0,0,0.9919,-0.1273,0,0,0.1273,0.9919,0,0,0.9693,0,1]},
{"frame":132,"values":[1,0,0,0,0,0.9946,-0.1033,0,0,0.1033,0.9946,0,0,0.9693,0,1]},
{"frame":133,"values":[1,0,0,0,0,0.9967,-0.0807,0,0,0.0807,0.9967,0,0,0.9693,0,1]},
{"frame":134,"values":[1,0,0,0,0,0.9982,-0.0601,0,0,0.0601,0.9982,0,0,0.9693,0,1]},
{"frame":135,"values":[1,0,0,0,0,0.9991,-0.0421,0,0,0.0421,0.9991,0,0,0.9693,0,1]},
{"frame":136,"values":[1,0,0,0,0,0.9996,-0.0271,0,0,0.0271,0.9996,0,0,0.9693,0,1]},
{"frame":137,"values":[1,0,0,0,0,0.9999,-0.0152,0,0,0.0152,0.9999,0,0,0.9693,0,1]},
{"frame":138,"values":[1,0,0,0,0,1,-0.0067,0,0,0.0067,1,0,0,0.9693,0,1]},
{"frame":139,"values":[1,0,0,0,0,1,-0.0017,0,0,0.0017,1,0,0,0.9693,0,1]},
{"frame":140,"values":[1,0,0,0,0,1,0,0,0,0,1,0,0,0.9693,0,1]},
{"frame":230,"values":[1,0,0,0,0,1,0,0,0,0,1,0,0,0.9693,0,1]}],"loopBehavior":1,"name":"anim","property":"_matrix"}},
{"name":"Bone.004","index":6,"matrix":[1,0,0,0,0,1,0,0,0,0,1,0,0,0.7397,0,1],"rest":[1,0,0,0,0,1,0,0,0,0,1,0,0,0.7397,0,1],"parentBoneIndex":5,"length":1.4373
,"animation":{"dataType":3,"framePerSecond":24,"keys":[
{"frame":0,"values":[1,0,0,0,0,1,0,0,0,0,1,0,0,0.7397,0,1]},
{"frame":111,"values":[1,0,0,0,0,1,-0.0087,0,0,0.0087,1,0,0,0.7397,0,1]},
{"frame":112,"values":[1,0,0,0,0,0.9994,-0.0348,0,0,0.0348,0.9994,0,0,0.7397,0,1]},
{"frame":113,"values":[1,0,0,0,0,0.997,-0.0772,0,0,0.0772,0.997,0,0,0.7397,0,1]},
{"frame":114,"values":[1,0,0,0,0,0.9912,-0.1327,0,0,0.1327,0.9912,0,0,0.7397,0,1]},
{"frame":115,"values":[1,0,0,0,0,0.9808,-0.1952,0,0,0.1952,0.9808,0,0,0.7397,0,1]},
{"frame":116,"values":[1,0,0,0,0,0.9664,-0.2569,0,0,0.2569,0.9664,0,0,0.7397,0,1]},
{"frame":117,"values":[1,0,0,0,0,0.9506,-0.3104,0,0,0.3104,0.9506,0,0,0.7397,0,1]},
{"frame":118,"values":[1,0,0,0,0,0.9365,-0.3506,0,0,0.3506,0.9365,0,0,0.7397,0,1]},
{"frame":119,"values":[1,0,0,0,0,0.9271,-0.3749,0,0,0.3749,0.9271,0,0,0.7397,0,1]},
{"frame":120,"values":[1,0,0,0,0,0.9238,-0.3829,0,0,0.3829,0.9238,0,0,0.7397,0,1]},
{"frame":121,"values":[1,0,0,0,0,0.9246,-0.3809,0,0,0.3809,0.9246,0,0,0.7397,0,1]},
{"frame":122,"values":[1,0,0,0,0,0.9271,-0.3749,0,0,0.3749,0.9271,0,0,0.7397,0,1]},
{"frame":123,"values":[1,0,0,0,0,0.9311,-0.3648,0,0,0.3648,0.9311,0,0,0.7397,0,1]},
{"frame":124,"values":[1,0,0,0,0,0.9365,-0.3506,0,0,0.3506,0.9365,0,0,0.7397,0,1]},
{"frame":125,"values":[1,0,0,0,0,0.9431,-0.3324,0,0,0.3324,0.9431,0,0,0.7397,0,1]},
{"frame":126,"values":[1,0,0,0,0,0.9506,-0.3104,0,0,0.3104,0.9506,0,0,0.7397,0,1]},
{"frame":127,"values":[1,0,0,0,0,0.9585,-0.2851,0,0,0.2851,0.9585,0,0,0.7397,0,1]},
{"frame":128,"values":[1,0,0,0,0,0.9664,-0.2569,0,0,0.2569,0.9664,0,0,0.7397,0,1]},
{"frame":129,"values":[1,0,0,0,0,0.974,-0.2266,0,0,0.2266,0.974,0,0,0.7397,0,1]},
{"frame":130,"values":[1,0,0,0,0,0.9808,-0.1952,0,0,0.1952,0.9808,0,0,0.7397,0,1]},
{"frame":131,"values":[1,0,0,0,0,0.9865,-0.1636,0,0,0.1636,0.9865,0,0,0.7397,0,1]},
{"frame":132,"values":[1,0,0,0,0,0.9912,-0.1327,0,0,0.1327,0.9912,0,0,0.7397,0,1]},
{"frame":133,"values":[1,0,0,0,0,0.9946,-0.1037,0,0,0.1037,0.9946,0,0,0.7397,0,1]},
{"frame":134,"values":[1,0,0,0,0,0.997,-0.0772,0,0,0.0772,0.997,0,0,0.7397,0,1]},
{"frame":135,"values":[1,0,0,0,0,0.9985,-0.0541,0,0,0.0541,0.9985,0,0,0.7397,0,1]},
{"frame":136,"values":[1,0,0,0,0,0.9994,-0.0348,0,0,0.0348,0.9994,0,0,0.7397,0,1]},
{"frame":137,"values":[1,0,0,0,0,0.9998,-0.0195,0,0,0.0195,0.9998,0,0,0.7397,0,1]},
{"frame":138,"values":[1,0,0,0,0,1,-0.0087,0,0,0.0087,1,0,0,0.7397,0,1]},
{"frame":139,"values":[1,0,0,0,0,1,-0.0022,0,0,0.0022,1,0,0,0.7397,0,1]},
{"frame":140,"values":[1,0,0,0,0,1,0,0,0,0,1,0,0,0.7397,0,1]},
{"frame":230,"values":[1,0,0,0,0,1,0,0,0,0,1,0,0,0.7397,0,1]}],"loopBehavior":1,"name":"anim","property":"_matrix"}},
{"name":"Bone.002_L","index":7,"matrix":[0.0254,-0.9997,0,0,-0.9997,-0.0254,0,0,0,0,-1,0,0,0.9693,0,1],"rest":[0.0254,-0.9997,0,0,-0.9997,-0.0254,0,0,0,0,-1,0,0,0.9693,0,1],"parentBoneIndex":4,"length":1.1295
,"animation":{"dataType":3,"framePerSecond":24,"keys":[
{"frame":0,"values":[0.0254,-0.9997,0,0,-0.9997,-0.0254,0,0,0,0,-1,0,0,0.9693,0,1]},
{"frame":230,"values":[0.0254,-0.9997,0,0,-0.9997,-0.0254,0,0,0,0,-1,0,0,0.9693,0,1]}],"loopBehavior":1,"name":"anim","property":"_matrix"}},
{"name":"Bone.002_L.001","index":8,"matrix":[-0.5181,0.8412,0.1549,0,0.6792,0.2946,0.6722,0,0.5198,0.4535,-0.724,0,0,1.1295,0,1],"rest":[-0.5992,0.6091,0.5195,0,0.4473,0.7929,-0.4138,0,-0.664,-0.0155,-0.7476,0,0,1.1295,0,1],"parentBoneIndex":7,"length":1.418
